      0.00000        10.3730        10.3540        10.5130
    0.0500000        10.3180        10.2496        10.4197
     0.100000        10.2689        10.1441        10.2859
     0.150000        10.1769        10.1147        10.1975
     0.200000        10.0835        10.0486        10.1172
     0.250000        10.0139        9.98623        10.0395
     0.300000        9.95840        9.90350        9.97614
     0.350000        9.89490        9.84385        9.93013
     0.400000        9.83626        9.79199        9.86210
     0.450000        9.77513        9.73656        9.79775
     0.500000        9.72996        9.68571        9.73971
     0.550000        9.67975        9.63806        9.69817
     0.600000        9.62590        9.59289        9.66176
     0.650000        9.57489        9.55886        9.62080
     0.700000        9.53320        9.52296        9.57345
     0.750000        9.50427        9.47915        9.52849
     0.800000        9.46525        9.43552        9.48816
     0.850000        9.42788        9.40051        9.46818
     0.900000        9.39228        9.36365        9.44870
     0.950000        9.35778        9.33580        9.41812
      1.00000        9.32472        9.30265        9.39751
      1.05000        9.29412        9.27581        9.37685
      1.10000        9.26203        9.24884        9.35683
      1.15000        9.24094        9.22153        9.33346
      1.20000        9.22494        9.19479        9.30371
      1.25000        9.21035        9.16393        9.27502
      1.30000        9.19012        9.13379        9.24740
      1.35000        9.16017        9.10454        9.22122
      1.40000        9.13064        9.07822        9.19543
      1.45000        9.10172        9.05388        9.17047
      1.50000        9.07358        9.03024        9.14672
      1.55000        9.04597        9.00748        9.13335
      1.60000        9.01870        8.98518        9.12184
      1.65000        8.99673        8.96350        9.11084
      1.70000        8.97775        8.94278        9.08442
      1.75000        8.95922        8.92225        9.05820
      1.80000        8.94112        8.90569        9.03403
      1.85000        8.92346        8.89178        9.01860
      1.90000        8.90627        8.86993        9.00342
      1.95000        8.88981        8.84747        8.98848
      2.00000        8.87350        8.82740        8.97393
      2.05000        8.85758        8.81015        8.95946
      2.10000        8.84204        8.79286        8.94521
      2.15000        8.82717        8.77591        8.93114
      2.20000        8.81236        8.75931        8.91732
      2.25000        8.79788        8.74349        8.90192
      2.30000        8.78373        8.72760        8.88064
      2.35000        8.77048        8.71198        8.85979
      2.40000        8.74974        8.69664        8.83980
      2.45000        8.73092        8.68158        8.81976
      2.50000        8.71787        8.66691        8.80009
      2.55000        8.70492        8.65238        8.78079
      2.60000        8.69199        8.63810        8.76187
      2.65000        8.67911        8.62408        8.74379
      2.70000        8.66627        8.61032        8.72555
      2.75000        8.65348        8.59739        8.70762
      2.80000        8.64092        8.58251        8.69205
      2.85000        8.62819        8.56243        8.67844
      2.90000        8.61549        8.54257        8.66474
      2.95000        8.60281        8.52290        8.65117
      3.00000        8.59016        8.50342        8.63773
      3.05000        8.57753        8.48414        8.62442
      3.10000        8.56499        8.46542        8.61124
      3.15000        8.55244        8.44646        8.59841
      3.20000        8.53991        8.42766        8.58546
      3.25000        8.52740        8.40934        8.57262
      3.30000        8.51491        8.39474        8.55989
      3.35000        8.50244        8.38013        8.54727
      3.40000        8.48984        8.36551        8.53475
      3.45000        8.47741        8.35207        8.52268
      3.50000        8.46501        8.33737        8.51189
      3.55000        8.45263        8.32257        8.50252
      3.60000        8.44029        8.30767        8.49328
      3.65000        8.42798        8.29267        8.48415
      3.70000        8.41558        8.27758        8.47513
      3.75000        8.40334        8.26238        8.46623
      3.80000        8.39114        8.24841        8.45787
      3.85000        8.37876        8.23685        8.44916
      3.90000        8.36573        8.22668        8.44054
      3.95000        8.35281        8.21661        8.43201
      4.00000        8.34000        8.20665        8.42357
      4.05000        8.32730        8.19682        8.41521
      4.10000        8.31472        8.18706        8.40694
      4.15000        8.30225        8.17741        8.39876
      4.20000        8.29068        8.16786        8.39105
      4.25000        8.27845        8.15841        8.38305
      4.30000        8.26629        8.14906        8.37511
      4.35000        8.25421        8.13982        8.36724
      4.40000        8.24219        8.13068        8.35945
      4.45000        8.23214        8.12228        8.35172
      4.50000        8.22253        8.11332        8.34405
      4.55000        8.21254        8.10443        8.33646
      4.60000        8.20080        8.09561        8.32918
      4.65000        8.18908        8.08687        8.32170
      4.70000        8.17737        8.07820        8.31428
      4.75000        8.16567        8.06960        8.30691
      4.80000        8.15399        8.06107        8.29961
      4.85000        8.14411        8.05262        8.29236
      4.90000        8.13470        8.04463        8.28517
      4.95000        8.12531        8.03635        8.27803
      5.00000        8.11594        8.02813        8.27095
      5.05000        8.10659        8.01996        8.26430
      5.10000        8.09727        8.01185        8.25734
      5.15000        8.08797        8.00380        8.25042
      5.20000        8.07869        7.99580        8.24355
      5.25000        8.06943        7.98786        8.23672
      5.30000        8.06051        7.97997        8.22993
      5.35000        8.05126        7.97215        8.22319
      5.40000        8.04203        7.96452        8.21410
      5.45000        8.03281        7.95679        8.20436
      5.50000        8.02360        7.94911        8.19465
      5.55000        8.01440        7.94149        8.18499
      5.60000        8.00521        7.93392        8.17560
      5.65000        7.99604        7.92640        8.16601
      5.70000        7.98688        7.91893        8.15645
      5.75000        7.97772        7.91152        8.14693
      5.80000        7.96858        7.90416        8.13744
      5.85000        7.95972        7.89685        8.12798
      5.90000        7.95062        7.88960        8.11855
      5.95000        7.94153        7.88295        8.10916
      6.00000        7.93244        7.87580        8.09979
      6.05000        7.92336        7.86869        8.09046
      6.10000        7.91428        7.85859        8.08116
      6.15000        7.90520        7.84763        8.07213
      6.20000        7.89613        7.83668        8.06289
      6.25000        7.88707        7.82576        8.05368
      6.30000        7.87801        7.81487        8.04449
      6.35000        7.86895        7.80399        8.03533
      6.40000        7.86012        7.79315        8.02620
      6.45000        7.85105        7.78232        8.01709
      6.50000        7.84199        7.77152        8.00802
      6.55000        7.83292        7.76074        7.99896
      6.60000        7.82385        7.74959        7.98994
      6.65000        7.81478        7.73887        7.98094
      6.70000        7.80571        7.72819        7.97197
      6.75000        7.79664        7.71753        7.96318
      6.80000        7.78757        7.70692        7.95427
      6.85000        7.77850        7.69811        7.94538
      6.90000        7.76942        7.69118        7.93651
      6.95000        7.76035        7.68485        7.92767
      7.00000        7.75128        7.67801        7.91885
      7.05000        7.74252        7.67120        7.91005
      7.10000        7.73346        7.66419        7.90128
      7.15000        7.72439        7.65427        7.89253
      7.20000        7.71572        7.64437        7.88381
      7.25000        7.70945        7.63449        7.87511
      7.30000        7.70320        7.62462        7.86643
      7.35000        7.69698        7.61478        7.85778
      7.40000        7.69079        7.60495        7.84922
      7.45000        7.68462        7.59511        7.84062
      7.50000        7.67849        7.58532        7.83203
      7.55000        7.67238        7.57556        7.82347
      7.60000        7.66630        7.56581        7.81493
      7.65000        7.66025        7.55609        7.80641
      7.70000        7.65422        7.54638        7.79791
      7.75000        7.64614        7.53669        7.78944
      7.80000        7.63732        7.52702        7.78098
      7.85000        7.62852        7.51737        7.77256
      7.90000        7.61975        7.50773        7.76415
      7.95000        7.61099        7.49812        7.75576
      8.00000        7.60226        7.48852        7.74740
      8.05000        7.59354        7.47895        7.73906
      8.10000        7.58487        7.46939        7.73074
      8.15000        7.57619        7.45985        7.72267
      8.20000        7.56753        7.45047        7.71440
      8.25000        7.55890        7.44096        7.70614
      8.30000        7.55028        7.43147        7.69790
      8.35000        7.54168        7.42199        7.68968
      8.40000        7.53310        7.41253        7.68149
      8.45000        7.52454        7.40309        7.67331
      8.50000        7.51600        7.39367        7.66514
      8.55000        7.50748        7.38426        7.65700
      8.60000        7.49898        7.37487        7.64888
      8.65000        7.49050        7.36550        7.64077
      8.70000        7.48204        7.35614        7.63269
      8.75000        7.47359        7.34680        7.62462
      8.80000        7.46517        7.33748        7.61658
      8.85000        7.45677        7.32817        7.60855
      8.90000        7.44839        7.31888        7.60054
      8.95000        7.44017        7.30961        7.59273
      9.00000        7.43270        7.30061        7.58476
      9.05000        7.42715        7.29138        7.57681
      9.10000        7.42162        7.28216        7.56888
      9.15000        7.41612        7.27420        7.56096
      9.20000        7.41119        7.26715        7.55306
      9.25000        7.40574        7.26013        7.54517
      9.30000        7.40031        7.25313        7.53731
      9.35000        7.39490        7.24652        7.52946
      9.40000        7.38951        7.23955        7.52162
      9.45000        7.38414        7.23260        7.51381
      9.50000        7.37879        7.22567        7.50601
      9.55000        7.37347        7.21876        7.49822
      9.60000        7.36816        7.21186        7.49046
      9.65000        7.36288        7.20499        7.48271
      9.70000        7.35761        7.19813        7.47498
      9.75000        7.35237        7.19129        7.46726
      9.80000        7.34715        7.18448        7.45956
      9.85000        7.34195        7.17768        7.45217
      9.90000        7.33677        7.17090        7.44450
      9.95000        7.33161        7.16413        7.43685
      10.0000        7.32648        7.15739        7.42921
      10.0500        7.32136        7.15066        7.42159
      10.1000        7.31627        7.14396        7.41398
      10.1500        7.31151        7.13727        7.40639
      10.2000        7.30647        7.13060        7.39880
      10.2500        7.30144        7.12395        7.39124
      10.3000        7.29644        7.11769        7.38369
      10.3500        7.29145        7.11110        7.37615
      10.4000        7.28648        7.10451        7.36862
      10.4500        7.28153        7.09795        7.36111
      10.5000        7.27659        7.09139        7.35362
      10.5500        7.27167        7.08486        7.34812
      10.6000        7.26678        7.07834        7.34325
      10.6500        7.26190        7.06993        7.33841
      10.7000        7.25703        7.06028        7.33358
      10.7500        7.25219        7.05063        7.32876
      10.8000        7.24628        7.04097        7.32396
      10.8500        7.23947        7.03130        7.31917
      10.9000        7.23267        7.02163        7.31440
      10.9500        7.22588        7.01195        7.30964
      11.0000        7.21910        7.00226        7.30489
      11.0500        7.21232        6.99256        7.30016
      11.1000        7.20556        6.98286        7.29545
      11.1500        7.19880        6.97315        7.29075
      11.2000        7.19206        6.96343        7.28606
      11.2500        7.18532        6.95371        7.28139
      11.3000        7.17859        6.94398        7.27673
      11.3500        7.17187        6.93427        7.27209
      11.4000        7.16547        6.92452        7.26746
      11.4500        7.15877        6.91477        7.26285
      11.5000        7.15209        6.90500        7.25825
      11.5500        7.14540        6.89523        7.25411
      11.6000        7.13873        6.88546        7.24954
      11.6500        7.13206        6.87567        7.24498
      11.7000        7.12540        6.86588        7.24043
      11.7500        7.11875        6.85608        7.23590
      11.8000        7.11210        6.84627        7.23138
      11.8500        7.10546        6.83646        7.22687
      11.9000        7.09882        6.82664        7.22237
      11.9500        7.09219        6.81681        7.21788
      12.0000        7.08557        6.80697        7.21340
      12.0500        7.07895        6.79811        7.20894
      12.1000        7.07235        6.79159        7.20449
      12.1500        7.06574        6.78512        7.20004
      12.2000        7.05915        6.77868        7.19561
      12.2500        7.05256        6.77228        7.19120
      12.3000        7.04598        6.76592        7.18679
      12.3500        7.03940        6.75961        7.18239
      12.4000        7.03283        6.75332        7.17801
      12.4500        7.02627        6.74708        7.17364
      12.5000        7.01971        6.74088        7.16928
      12.5500        7.01309        6.73472        7.16493
      12.6000        7.00655        6.72859        7.16059
      12.6500        7.00001        6.72250        7.15627
      12.7000        6.99348        6.71646        7.15234
      12.7500        6.98696        6.71045        7.14804
      12.8000        6.98044        6.70535        7.14375
      12.8500        6.97393        6.69941        7.13947
      12.9000        6.96743        6.69351        7.13520
      12.9500        6.96094        6.68764        7.13095
      13.0000        6.95445        6.68180        7.12669
      13.0500        6.94797        6.67600        7.12245
      13.1000        6.94149        6.67023        7.11822
      13.1500        6.93503        6.66449        7.11400
      13.2000        6.92857        6.65879        7.10978
      13.2500        6.92212        6.65313        7.10558
      13.3000        6.91567        6.64749        7.10138
      13.3500        6.90923        6.64189        7.09720
      13.4000        6.90280        6.63633        7.09302
      13.4500        6.89637        6.63080        7.08886
      13.5000        6.88996        6.62530        7.08470
      13.5500        6.88354        6.61984        7.08055
      13.6000        6.87714        6.61441        7.07641
      13.6500        6.87074        6.60901        7.07228
      13.7000        6.86435        6.60365        7.06816
      13.7500        6.85797        6.59833        7.06405
      13.8000        6.85171        6.59303        7.05995
      13.8500        6.84534        6.58777        7.05586
      13.9000        6.83898        6.58255        7.05178
      13.9500        6.83262        6.57736        7.04771
      14.0000        6.82627        6.57220        7.04375
      14.0500        6.81993        6.56854        7.03970
      14.1000        6.81359        6.56346        7.03565
      14.1500        6.80726        6.55841        7.03162
      14.2000        6.80093        6.55338        7.02759
      14.2500        6.79461        6.54838        7.02358
      14.3000        6.78830        6.54341        7.01957
      14.3500        6.78199        6.53846        7.01557
      14.4000        6.77570        6.53354        7.01158
      14.4500        6.76940        6.52865        7.00760
      14.5000        6.76312        6.52379        7.00363
      14.5500        6.75683        6.51895        6.99967
      14.6000        6.75056        6.51414        6.99571
      14.6500        6.74429        6.50935        6.99177
      14.7000        6.73803        6.50460        6.98783
      14.7500        6.73178        6.49987        6.98390
      14.8000        6.72553        6.49517        6.97999
      14.8500        6.71929        6.49049        6.97608
      14.9000        6.71306        6.48584        6.97218
      14.9500        6.70683        6.48122        6.96828
      15.0000        6.70060        6.47663        6.96440
      15.0500        6.69439        6.47206        6.96053
      15.1000        6.68818        6.46752        6.95666
      15.1500        6.68198        6.46301        6.95281
      15.2000        6.67614        6.45852        6.94896
      15.2500        6.66995        6.45406        6.94512
      15.3000        6.66377        6.44963        6.94129
      15.3500        6.65759        6.44523        6.93747
      15.4000        6.65141        6.44085        6.93398
      15.4500        6.64524        6.43650        6.93018
      15.5000        6.63908        6.43378        6.92638
      15.5500        6.63292        6.42948        6.92259
      15.6000        6.62677        6.42521        6.91875
      15.6500        6.62062        6.42095        6.91384
      15.7000        6.61447        6.41672        6.90893
      15.7500        6.60833        6.41251        6.90403
      15.8000        6.60220        6.40832        6.89914
      15.8500        6.59607        6.40415        6.89426
      15.9000        6.58995        6.40000        6.88938
      15.9500        6.58383        6.39587        6.88452
      16.0000        6.57772        6.39176        6.87967
      16.0500        6.57161        6.38768        6.87482
      16.1000        6.56550        6.38361        6.87028
      16.1500        6.55941        6.37957        6.86546
      16.2000        6.55331        6.37554        6.86064
      16.2500        6.54723        6.37067        6.85583
      16.3000        6.54114        6.36410        6.85103
      16.3500        6.53507        6.35754        6.84624
      16.4000        6.52899        6.35098        6.84145
      16.4500        6.52292        6.34443        6.83668
      16.5000        6.51686        6.33790        6.83191
      16.5500        6.51081        6.33136        6.82715
      16.6000        6.50475        6.32484        6.82239
      16.6500        6.49871        6.31833        6.81765
      16.7000        6.49284        6.31182        6.81291
      16.7500        6.48681        6.30532        6.80818
      16.8000        6.48078        6.29883        6.80346
      16.8500        6.47475        6.29235        6.79875
      16.9000        6.46873        6.28587        6.79405
      16.9500        6.46272        6.27941        6.78935
      17.0000        6.45670        6.27295        6.78466
      17.0500        6.45070        6.26650        6.77998
      17.1000        6.44469        6.26006        6.77531
      17.1500        6.43870        6.25362        6.77064
      17.2000        6.43270        6.24720        6.76599
      17.2500        6.42671        6.24078        6.76134
      17.3000        6.42073        6.23437        6.75670
      17.3500        6.41475        6.22842        6.75207
      17.4000        6.40877        6.22202        6.74744
      17.4500        6.40280        6.21563        6.74283
      17.5000        6.39683        6.20925        6.73822
      17.5500        6.39087        6.20287        6.73362
      17.6000        6.38491        6.19650        6.72902
      17.6500        6.37896        6.19014        6.72444
      17.7000        6.37301        6.18378        6.72029
      17.7500        6.36706        6.17743        6.71573
      17.8000        6.36112        6.17109        6.71116
      17.8500        6.35519        6.16475        6.70661
      17.9000        6.34926        6.15842        6.70206
      17.9500        6.34333        6.15210        6.69752
      18.0000        6.33741        6.14578        6.69299
      18.0500        6.33149        6.13947        6.68943
      18.1000        6.32558        6.13317        6.68626
      18.1500        6.31967        6.12687        6.68310
      18.2000        6.31376        6.12058        6.67995
      18.2500        6.30786        6.11430        6.67680
      18.3000        6.30197        6.10803        6.67366
      18.3500        6.29628        6.10176        6.67053
      18.4000        6.29039        6.09550        6.66740
      18.4500        6.28450        6.08924        6.66428
      18.5000        6.27862        6.08299        6.66117
      18.5500        6.27275        6.07675        6.65806
      18.6000        6.26687        6.07052        6.65496
      18.6500        6.26101        6.06429        6.65187
      18.7000        6.25514        6.05807        6.64878
      18.7500        6.24928        6.05185        6.64570
      18.8000        6.24342        6.04564        6.64262
      18.8500        6.23757        6.03944        6.63955
      18.9000        6.23172        6.03325        6.63649
      18.9500        6.22588        6.02706        6.63344
      19.0000        6.22004        6.02088        6.63039
      19.0500        6.21420        6.01471        6.62734
      19.1000        6.20836        6.00891        6.62431
      19.1500        6.20254        6.00276        6.62128
      19.2000        6.19671        5.99661        6.61826
      19.2500        6.19089        5.99047        6.61524
      19.3000        6.18507        5.98433        6.61223
      19.3500        6.17926        5.97820        6.60923
      19.4000        6.17345        5.97208        6.60623
      19.4500        6.16764        5.96596        6.60324
      19.5000        6.16184        5.95984        6.60026
      19.5500        6.15604        5.95374        6.59728
      19.6000        6.15025        5.94764        6.59431
      19.6500        6.14446        5.94154        6.59135
      19.7000        6.13978        5.93545        6.58839
      19.7500        6.13681        5.92937        6.58598
      19.8000        6.13385        5.92329        6.58304
      19.8500        6.13089        5.91722        6.58011
      19.9000        6.12795        5.91115        6.57718
      19.9500        6.12501        5.90509        6.57426
      20.0000        6.11968        5.89904        6.57134
      20.0500        6.11391        5.89299        6.56842
      20.1000        6.10815        5.88694        6.56552
      20.1500        6.10239        5.88091        6.56262
      20.2000        6.09664        5.87487        6.55972
      20.2500        6.09089        5.86885        6.55683
      20.3000        6.08515        5.86283        6.55394
      20.3500        6.07941        5.85681        6.55106
      20.4000        6.07368        5.85081        6.54818
      20.4500        6.06796        5.84480        6.54531
      20.5000        6.06224        5.83881        6.54245
      20.5500        6.05653        5.83281        6.53959
      20.6000        6.05082        5.82683        6.53673
      20.6500        6.04512        5.82085        6.53388
      20.7000        6.03943        5.81488        6.53103
      20.7500        6.03374        5.80891        6.52819
      20.8000        6.02805        5.80295        6.52536
      20.8500        6.02238        5.79699        6.52253
      20.9000        6.01670        5.79104        6.51971
      20.9500        6.01104        5.78509        6.51689
      21.0000        6.00538        5.77929        6.51407
      21.0500        5.99972        5.77336        6.51127
      21.1000        5.99453        5.76743        6.50846
      21.1500        5.98888        5.76150        6.50566
      21.2000        5.98324        5.75558        6.50287
      21.2500        5.97761        5.74967        6.50008
      21.3000        5.97198        5.74376        6.49730
      21.3500        5.96635        5.73786        6.49452
      21.4000        5.96073        5.73196        6.49175
      21.4500        5.95511        5.72607        6.48898
      21.5000        5.94950        5.72018        6.48622
      21.5500        5.94389        5.71430        6.48347
      21.6000        5.93829        5.70843        6.48071
      21.6500        5.93269        5.70256        6.47797
      21.7000        5.92710        5.69670        6.47536
      21.7500        5.92151        5.69084        6.47262
      21.8000        5.91593        5.68498        6.46989
      21.8500        5.91035        5.67914        6.46716
      21.9000        5.90478        5.67329        6.46444
      21.9500        5.89921        5.66746        6.46173
      22.0000        5.89365        5.66163        6.45902
      22.0500        5.88809        5.65580        6.45631
      22.1000        5.88254        5.64998        6.45361
      22.1500        5.87699        5.64417        6.45091
      22.2000        5.87145        5.63836        6.44822
      22.2500        5.86591        5.63256        6.44553
      22.3000        5.86037        5.62676        6.44285
      22.3500        5.85484        5.62097        6.44018
      22.4000        5.84932        5.61518        6.43750
      22.4500        5.84380        5.60940        6.43484
      22.5000        5.83829        5.60362        6.43218
      22.5500        5.83278        5.59785        6.42952
      22.6000        5.82727        5.59209        6.42687
      22.6500        5.82190        5.58633        6.42422
      22.7000        5.81764        5.58057        6.42158
      22.7500        5.81338        5.57483        6.41894
      22.8000        5.80914        5.56908        6.41631
      22.8500        5.80490        5.56335        6.41368
      22.9000        5.80067        5.55761        6.41106
      22.9500        5.79646        5.55189        6.40844
      23.0000        5.79225        5.54617        6.40583
      23.0500        5.78805        5.54045        6.40322
      23.1000        5.78386        5.53535        6.40062
      23.1500        5.77967        5.52965        6.39802
      23.2000        5.77550        5.52395        6.39543
      23.2500        5.77134        5.51826        6.39284
      23.3000        5.76718        5.51257        6.39026
      23.3500        5.76304        5.50688        6.38768
      23.4000        5.75890        5.50120        6.38511
      23.4500        5.75477        5.49552        6.38254
      23.5000        5.75065        5.48985        6.37998
      23.5500        5.74655        5.48419        6.37742
      23.6000        5.74244        5.47852        6.37486
      23.6500        5.73835        5.47287        6.37232
      23.7000        5.73427        5.46721        6.36977
      23.7500        5.73020        5.46156        6.36723
      23.8000        5.72613        5.45592        6.36470
      23.8500        5.72208        5.45028        6.36217
      23.9000        5.71803        5.44464        6.36027
      23.9500        5.71399        5.43901        6.35775
      24.0000        5.70997        5.43338        6.35523
      24.0500        5.70595        5.42776        6.35272
      24.1000        5.70194        5.42215        6.35021
      24.1500        5.69794        5.41653        6.34771
      24.2000        5.69394        5.41092        6.34521
      24.2500        5.69463        5.40532        6.34271
      24.3000        5.69061        5.39972        6.34022
      24.3500        5.68659        5.39412        6.33773
      24.4000        5.68258        5.38853        6.33524
      24.4500        5.67856        5.38295        6.33276
      24.5000        5.67455        5.37737        6.33029
      24.5500        5.67054        5.37179        6.32781
      24.6000        5.66653        5.36622        6.32534
      24.6500        5.66252        5.36065        6.32288
      24.7000        5.65852        5.35508        6.32042
      24.7500        5.65451        5.34952        6.31499
      24.8000        5.65051        5.34397        6.30833
      24.8500        5.64651        5.33842        6.30167
      24.9000        5.64252        5.33287        6.29499
      24.9500        5.63852        5.32733        6.28830
      25.0000        5.63453        5.32179        6.28161
      25.0500        5.63054        5.31626        6.27490
      25.1000        5.62655        5.31073        6.26818
      25.1500        5.62256        5.30521        6.26146
      25.2000        5.61858        5.29969        6.25472
      25.2500        5.61460        5.29418        6.24797
      25.3000        5.61062        5.28867        6.24122
      25.3500        5.60664        5.28316        6.23445
      25.4000        5.60266        5.27806        6.22767
      25.4500        5.59869        5.27257        6.22089
      25.5000        5.59471        5.26708        6.21409
      25.5500        5.59074        5.26160        6.20729
      25.6000        5.58678        5.25611        6.20047
      25.6500        5.58281        5.25064        6.19364
      25.7000        5.57884        5.24516        6.18672
      25.7500        5.57488        5.23969        6.17987
      25.8000        5.57092        5.23423        6.17301
      25.8500        5.56696        5.22877        6.16614
      25.9000        5.56301        5.22503        6.15926
      25.9500        5.55905        5.22133        6.15237
      26.0000        5.55510        5.21764        6.14547
      26.0500        5.55115        5.21395        6.13856
      26.1000        5.54720        5.21026        6.13164
      26.1500        5.54326        5.20658        6.12472
      26.2000        5.53931        5.20291        6.11778
      26.2500        5.53537        5.19924        6.11083
      26.3000        5.53143        5.19557        6.10387
      26.3500        5.52749        5.19191        6.09690
      26.4000        5.52356        5.18825        6.08993
      26.4500        5.51962        5.18459        6.08294
      26.5000        5.51569        5.18095        6.07594
      26.5500        5.51176        5.17730        6.06893
      26.6000        5.50783        5.17366        6.06192
      26.6500        5.49532        5.17003        6.05489
      26.7000        5.49151        5.16639        6.04785
      26.7500        5.48770        5.16277        6.04081
      26.8000        5.48391        5.15915        6.03375
      26.8500        5.48013        5.15553        6.02668
      26.9000        5.47636        5.15191        6.01961
      26.9500        5.47261        5.14830        6.01252
      27.0000        5.46887        5.14470        6.00543
      27.0500        5.46514        5.14110        5.99832
      27.1000        5.46142        5.13750        5.99121
      27.1500        5.45771        5.13391        5.98408
      27.2000        5.45402        5.13033        5.97695
      27.2500        5.45034        5.12674        5.96980
      27.3000        5.44667        5.12317        5.96265
      27.3500        5.44302        5.11959        5.95548
      27.4000        5.43937        5.11602        5.94831
      27.4500        5.43574        5.11246        5.94112
      27.5000        5.43212        5.10890        5.93412
      27.5500        5.42852        5.10534        5.93054
      27.6000        5.42492        5.10179        5.92697
      27.6500        5.42134        5.09824        5.92340
      27.7000        5.41777        5.09470        5.91983
      27.7500        5.41422        5.09116        5.91626
      27.8000        5.41067        5.08763        5.91270
      27.8500        5.40714        5.08410        5.90914
      27.9000        5.40362        5.08058        5.90559
      27.9500        5.40012        5.07743        5.90204
      28.0000        5.39662        5.07392        5.89849
      28.0500        5.39314        5.07041        5.89495
      28.1000        5.38967        5.06690        5.89141
      28.1500        5.38621        5.06340        5.88787
      28.2000        5.38277        5.05990        5.88434
      28.2500        5.37934        5.05641        5.88080
      28.3000        5.37592        5.05292        5.87728
      28.3500        5.37251        5.04943        5.87375
      28.4000        5.36912        5.04595        5.87023
      28.4500        5.36573        5.04247        5.86672
      28.5000        5.36236        5.03900        5.86320
      28.5500        5.35900        5.03553        5.85984
      28.6000        5.35566        5.03206        5.85634
      28.6500        5.35233        5.02860        5.85284
      28.7000        5.34901        5.02514        5.84934
      28.7500        5.34570        5.02169        5.84585
      28.8000        5.34240        5.01824        5.84236
      28.8500        5.33912        5.01479        5.83887
      28.9000        5.33585        5.01135        5.83539
      28.9500        5.33259        5.00791        5.83190
      29.0000        5.32934        5.00448        5.82843
      29.0500        5.32611        5.00105        5.82495
      29.1000        5.32289        4.99763        5.82148
      29.1500        5.31968        4.99420        5.81801
      29.2000        5.31648        4.99079        5.81455
      29.2500        5.31330        4.98737        5.81109
      29.3000        5.31181        4.98396        5.80763
      29.3500        5.30849        4.98056        5.80417
      29.4000        5.30517        4.97716        5.80072
      29.4500        5.30187        4.97376        5.79727
      29.5000        5.29858        4.97036        5.79383
      29.5500        5.29531        4.96697        5.79038
      29.6000        5.29204        4.96359        5.78694
      29.6500        5.28879        4.96021        5.78351
      29.7000        5.28554        4.95683        5.78007
      29.7500        5.28231        4.95346        5.77665
      29.8000        5.27909        4.95009        5.77322
      29.8500        5.27588        4.94672        5.76980
      29.9000        5.27268        4.94336        5.76638
      29.9500        5.26950        4.94000        5.76296
      30.0000        5.26632        4.93665        5.75955
      30.0500        5.26316        4.93330        5.75614
      30.1000        5.26001        4.92995        5.75273
      30.1500        5.25687        4.92661        5.74932
      30.2000        5.25374        4.92328        5.74592
      30.2500        5.25062        4.91994        5.74253
      30.3000        5.24752        4.91661        5.73913
      30.3500        5.24443        4.91329        5.73574
      30.4000        5.24134        4.90997        5.73235
      30.4500        5.23827        4.90665        5.72897
      30.5000        5.23521        4.90334        5.72559
      30.5500        5.23216        4.90003        5.72221
      30.6000        5.22913        4.89672        5.71884
      30.6500        5.22610        4.89342        5.71546
      30.7000        5.22309        4.89012        5.71210
      30.7500        5.22009        4.88553        5.70873
      30.8000        5.21710        4.88225        5.70537
      30.8500        5.21412        4.87897        5.70201
      30.9000        5.21115        4.87570        5.69865
      30.9500        5.20819        4.87243        5.69530
      31.0000        5.20525        4.86917        5.69195
      31.0500        5.20231        4.86591        5.68861
      31.1000        5.19939        4.86266        5.68527
      31.1500        5.19648        4.85941        5.68193
      31.2000        5.19358        4.85617        5.67859
      31.2500        5.19070        4.85293        5.67526
      31.3000        5.18782        4.84970        5.67193
      31.3500        5.18496        4.84647        5.66860
      31.4000        5.18210        4.84325        5.66313
      31.4500        5.17926        4.84003        5.65982
      31.5000        5.17643        4.83682        5.65651
      31.5500        5.17361        4.83362        5.65320
      31.6000        5.17081        4.83041        5.64990
      31.6500        5.16801        4.82722        5.64661
      31.7000        5.16523        4.82403        5.64332
      31.7500        5.16245        4.82084        5.64004
      31.8000        5.15969        4.81766        5.63676
      31.8500        5.15694        4.81449        5.63349
      31.9000        5.15421        4.81132        5.63022
      31.9500        5.15148        4.80816        5.62695
      32.0000        5.14876        4.80500        5.62370
      32.0500        5.14606        4.80185        5.62044
      32.1000        5.14337        4.79870        5.61720
      32.1500        5.14069        4.79555        5.61396
      32.2000        5.13802        4.79187        5.61072
      32.2500        5.14952        4.78680        5.60749
      32.3000        5.14698        4.78173        5.60426
      32.3500        5.14445        4.77666        5.60104
      32.4000        5.14191        4.77160        5.59782
      32.4500        5.13937        4.76654        5.59461
      32.5000        5.13683        4.76162        5.59141
      32.5500        5.13429        4.75656        5.58821
      32.6000        5.13174        4.75150        5.58501
      32.6500        5.12920        4.74644        5.58182
      32.7000        5.12665        4.74139        5.57863
      32.7500        5.12410        4.73634        5.57545
      32.8000        5.11647        4.73129        5.57228
      32.8500        5.10832        4.72624        5.56911
      32.9000        5.10015        4.72119        5.56595
      32.9500        5.09198        4.71615        5.56279
      33.0000        5.08380        4.71111        5.55963
      33.0500        5.07561        4.70607        5.55648
      33.1000        5.06741        4.70104        5.55334
      33.1500        5.05920        4.69600        5.55020
      33.2000        5.05099        4.69097        5.54707
      33.2500        5.04277        4.68594        5.54394
      33.3000        5.03454        4.68091        5.54082
      33.3500        5.02630        4.67588        5.53770
      33.4000        5.01805        4.67086        5.53459
      33.4500        5.00980        4.66584        5.53148
      33.5000        5.00154        4.66082        5.52914
      33.5500        4.99327        4.65580        5.52737
      33.6000        4.98499        4.65078        5.52560
      33.6500        4.97671        4.64577        5.52383
      33.7000        4.96841        4.64076        5.52207
      33.7500        4.96011        4.63575        5.52030
      33.8000        4.95180        4.63074        5.51854
      33.8500        4.94348        4.62573        5.51678
      33.9000        4.93516        4.62073        5.51502
      33.9500        4.92683        4.61573        5.51327
      34.0000        4.91848        4.61073        5.51152
      34.0500        4.91013        4.60573        5.50976
      34.1000        4.90178        4.60074        5.50801
      34.1500        4.89341        4.59575        5.50627
      34.2000        4.88209        4.59076        5.50452
      34.2500        4.87371        4.58577        5.50278
      34.3000        4.86532        4.58078        5.50104
      34.3500        4.85692        4.57580        5.49930
      34.4000        4.84852        4.57081        5.49756
      34.4500        4.84012        4.56583        5.49582
      34.5000        4.83170        4.56086        5.49409
      34.5500        4.82329        4.55588        5.49236
      34.6000        4.81486        4.55091        5.49063
      34.6500        4.80643        4.54594        5.48890
      34.7000        4.79800        4.54097        5.48718
      34.7500        4.78956        4.53600        5.48545
      34.8000        4.78111        4.53103        5.48373
      34.8500        4.77266        4.52607        5.48201
      34.9000        4.76420        4.52111        5.48029
      34.9500        4.75574        4.51615        5.47858
      35.0000        4.74727        4.51119        5.47686
      35.0500        4.73880        4.50624        5.47515
      35.1000        4.73032        4.50129        5.47344
      35.1500        4.72183        4.49633        5.47174
      35.2000        4.71334        4.49139        5.47003
      35.2500        4.70484        4.48644        5.46833
      35.3000        4.69634        4.48150        5.46662
      35.3500        4.68783        4.47655        5.46492
      35.4000        4.67932        4.47161        5.46323
      35.4500        4.67080        4.46668        5.46153
      35.5000        4.66227        4.46174        5.45984
      35.5500        4.65374        4.45681        5.45815
      35.6000        4.64520        4.45187        5.45646
      35.6500        4.63666        4.44694        5.45477
      35.7000        4.62811        4.44202        5.45308
      35.7500        4.61956        4.43770        5.45140
      35.8000        4.61100        4.43278        5.44972
      35.8500        4.60243        4.42786        5.44804
      35.9000        4.59386        4.42294        5.44636
      35.9500        4.58528        4.41802        5.44468
      36.0000        4.57670        4.41310        5.44301
      36.0500        4.56811        4.40819        5.44134
      36.1000        4.56348        4.40328        5.43967
      36.1500        4.56064        4.39837        5.43800
      36.2000        4.55780        4.39346        5.43633
      36.2500        4.55497        4.38855        5.43467
      36.3000        4.55214        4.38364        5.43301
      36.3500        4.54932        4.37874        5.43135
      36.4000        4.54649        4.37384        5.42969
      36.4500        4.54368        4.36894        5.42859
      36.5000        4.54086        4.36404        5.42694
      36.5500        4.53805        4.35914        5.42529
      36.6000        4.53524        4.35424        5.42364
      36.6500        4.53243        4.34935        5.42199
      36.7000        4.52963        4.34446        5.42035
      36.7500        4.52683        4.33956        5.41871
      36.8000        4.52403        4.33468        5.41707
      36.8500        4.52124        4.32979        5.41543
      36.9000        4.51845        4.32490        5.41379
      36.9500        4.51566        4.32002        5.41216
      37.0000        4.51288        4.31514        5.41052
      37.0500        4.51010        4.31026        5.40889
      37.1000        4.50732        4.30538        5.40726
      37.1500        4.50454        4.30050        5.40563
      37.2000        4.50167        4.29562        5.40400
      37.2500        4.49894        4.29075        5.40237
      37.3000        4.49621        4.28588        5.40075
      37.3500        4.49348        4.28100        5.39913
      37.4000        4.49076        4.27614        5.39750
      37.4500        4.48804        4.27127        5.39588
      37.5000        4.48532        4.26640        5.39427
      37.5500        4.48260        4.26154        5.39265
      37.6000        4.47989        4.25668        5.39103
      37.6500        4.47718        4.25181        5.38942
      37.7000        4.47448        4.24696        5.38781
      37.7500        4.47178        4.24210        5.38620
      37.8000        4.46908        4.23724        5.38459
      37.8500        4.46638        4.23239        5.38298
      37.9000        4.46369        4.22754        5.38138
      37.9500        4.46100        4.22269        5.37977
      38.0000        4.45831        4.21784        5.37817
      38.0500        4.45563        4.21129        5.37657
      38.1000        4.45295        4.20252        5.37497
      38.1500        4.45027        4.19375        5.37337
      38.2000        4.44760        4.18498        5.37178
      38.2500        4.44493        4.17621        5.37018
      38.3000        4.44226        4.16743        5.36859
      38.3500        4.43959        4.15866        5.36700
      38.4000        4.43693        4.14989        5.36541
      38.4500        4.43427        4.14112        5.36382
      38.5000        4.43162        4.13235        5.36223
      38.5500        4.42897        4.12357        5.36065
      38.6000        4.42632        4.11480        5.35907
      38.6500        4.42367        4.10603        5.35748
      38.7000        4.42103        4.09726        5.35590
      38.7500        4.41839        4.08849        5.35433
      38.8000        4.41575        4.07971        5.35275
      38.8500        4.41312        4.07094        5.35117
      38.9000        4.41049        4.06217        5.34960
      38.9500        4.40786        4.05340        5.34803
      39.0000        4.40523        4.04462        5.34646
      39.0500        4.40261        4.03585        5.34489
      39.1000        4.39999        4.02708        5.34332
      39.1500        4.39738        4.01831        5.34175
      39.2000        4.39477        4.00953        5.34019
      39.2500        4.39216        4.00076        5.33863
      39.3000        4.38955        3.99199        5.33707
      39.3500        4.38695        3.98321        5.33551
      39.4000        4.38435        3.97444        5.33395
      39.4500        4.38175        3.96567        5.33239
      39.5000        4.37916        3.95690        5.33084
      39.5500        4.37657        3.94812        5.32929
      39.6000        4.37398        3.93935        5.32774
      39.6500        4.37140        3.93058        5.32619
      39.7000        4.36882        3.92180        5.32464
      39.7500        4.36624        3.91303        5.32309
      39.8000        4.36367        3.90426        5.32155
      39.8500        4.36110        3.89548        5.32000
      39.9000        4.35853        3.88671        5.31846
      39.9500        4.35596        3.87794        5.31692
      40.0000        4.35340        3.86916        5.31538
      40.0500        4.35084        3.86039        5.31385
      40.1000        4.34829        3.85161        5.30910
      40.1500        4.34573        3.84284        5.30757
      40.2000        4.34318        3.83407        5.30605
      40.2500        4.34064        3.82529        5.30453
      40.3000        4.33809        3.81652        5.30301
      40.3500        4.33555        3.80775        5.30002
      40.4000        4.33302        3.79897        5.29687
      40.4500        4.33048        3.79020        5.29373
      40.5000        4.32795        3.78142        5.29059
      40.5500        4.32542        3.77265        5.28746
      40.6000        4.32290        3.76388        5.28433
      40.6500        4.32038        3.75510        5.28121
      40.7000        4.31786        3.74788        5.27810
      40.7500        4.31534        3.74324        5.27498
      40.8000        4.31283        3.73860        5.27188
      40.8500        4.31032        3.73396        5.26878
      40.9000        4.30781        3.72932        5.26568
      40.9500        4.30698        3.72469        5.26259
      41.0000        4.30445        3.72006        5.25950
      41.0500        4.30192        3.71542        5.25642
      41.1000        4.29939        3.71079        5.25335
      41.1500        4.29686        3.70617        5.25028
      41.2000        4.29434        3.70154        5.24722
      41.2500        4.29182        3.69692        5.24416
      41.3000        4.28930        3.69230        5.24110
      41.3500        4.28678        3.68768        5.23805
      41.4000        4.28426        3.68306        5.23501
      41.4500        4.28175        3.67844        5.23197
      41.5000        4.27924        3.67383        5.22894
      41.5500        4.27673        3.66921        5.22591
      41.6000        4.27423        3.66460        5.22289
      41.6500        4.27173        3.65999        5.21987
      41.7000        4.26922        3.65539        5.21686
      41.7500        4.26673        3.65078        5.21385
      41.8000        4.26423        3.64618        5.21085
      41.8500        4.26174        3.64158        5.20785
      41.9000        4.25924        3.63698        5.20486
      41.9500        4.25675        3.63238        5.20187
      42.0000        4.25427        3.62779        5.19889
      42.0500        4.25178        3.62319        5.19592
      42.1000        4.24930        3.61860        5.19295
      42.1500        4.24682        3.61401        5.18998
      42.2000        4.24434        3.60942        5.18702
      42.2500        4.24187        3.60484        5.18406
      42.3000        4.23939        3.60026        5.18111
      42.3500        4.23692        3.59567        5.17817
      42.4000        4.23445        3.59109        5.17523
      42.4500        4.23199        3.58651        5.17230
      42.5000        4.22952        3.58194        5.16937
      42.5500        4.22706        3.57736        5.16644
      42.6000        4.22460        3.57279        5.16353
      42.6500        4.22215        3.56822        5.16061
      42.7000        4.21969        3.56365        5.15770
      42.7500        4.21724        3.55908        5.15480
      42.8000        4.21479        3.55452        5.15190
      42.8500        4.21234        3.54996        5.14901
      42.9000        4.20989        3.54540        5.14612
      42.9500        4.20745        3.54084        5.14324
      43.0000        4.20501        3.53628        5.14036
      43.0500        4.20257        3.53172        5.13749
      43.1000        4.20013        3.52717        5.13463
      43.1500        4.19770        3.52262        5.13176
      43.2000        4.19527        3.51807        5.12891
      43.2500        4.19284        3.51352        5.12606
      43.3000        4.19041        3.50897        5.12321
      43.3500        4.18799        3.50443        5.12037
      43.4000        4.18556        3.49989        5.11754
      43.4500        4.18314        3.49535        5.11471
      43.5000        4.18073        3.49081        5.11188
      43.5500        4.17831        3.48627        5.10906
      43.6000        4.17590        3.48174        5.10625
      43.6500        4.17349        3.47721        5.10344
      43.7000        4.17108        3.47267        5.10063
      43.7500        4.16867        3.46815        5.09784
      43.8000        4.16627        3.46362        5.09504
      43.8500        4.16387        3.45909        5.09225
      43.9000        4.16147        3.45457        5.08947
      43.9500        4.15907        3.45005        5.08669
      44.0000        4.15667        3.44553        5.08392
      44.0500        4.15428        3.44101        5.08115
      44.1000        4.15189        3.43650        5.07839
      44.1500        4.14950        3.43198        5.07563
      44.2000        4.14712        3.42747        5.07288
      44.2500        4.14473        3.42296        5.07013
      44.3000        4.14235        3.41845        5.06739
      44.3500        4.13997        3.41395        5.07255
      44.4000        4.13760        3.40944        5.06976
      44.4500        4.13522        3.40494        5.06697
      44.5000        4.13285        3.40044        5.06419
      44.5500        4.13048        3.39594        5.06140
      44.6000        4.12811        3.39144        5.05862
      44.6500        4.12575        3.38695        5.05583
      44.7000        4.12339        3.38246        5.05124
      44.7500        4.12103        3.37797        5.04662
      44.8000        4.11867        3.37348        5.04200
      44.8500        4.11631        3.36899        5.03737
      44.9000        4.11396        3.36451        5.03275
      44.9500        4.11161        3.55992        5.02813
      45.0000        4.11154        3.55528        5.02350
      45.0500        4.10923        3.55065        5.01887
      45.1000        4.10692        3.54602        5.01425
      45.1500        4.10461        3.54139        5.00962
      45.2000        4.10230        3.53676        5.00499
      45.2500        4.09999        3.53214        5.00036
      45.3000        4.09768        3.52751        4.99572
      45.3500        4.09538        3.52289        4.99109
      45.4000        4.09307        3.51827        4.98646
      45.4500        4.09077        3.51365        4.98182
      45.5000        4.08846        3.50903        4.97719
      45.5500        4.08616        3.50441        4.97225
      45.6000        4.08386        3.49979        4.96761
      45.6500        4.08156        3.49518        4.96297
      45.7000        4.07927        3.49056        4.95833
      45.7500        4.07697        3.48595        4.95369
      45.8000        4.07467        3.48134        4.94904
      45.8500        4.07238        3.47673        4.94440
      45.9000        4.07009        3.47212        4.93976
      45.9500        4.06779        3.46752        4.93511
      46.0000        4.06550        3.46291        4.93047
      46.0500        4.06321        3.45831        4.92582
      46.1000        4.06092        3.45371        4.92118
      46.1500        4.05864        3.44910        4.91653
      46.2000        4.05635        3.44450        4.91188
      46.2500        4.05407        3.43991        4.90723
      46.3000        4.05178        3.43531        4.90258
      46.3500        4.04950        3.43071        4.89793
      46.4000        4.04722        3.42612        4.89328
      46.4500        4.04494        3.42153        4.88863
      46.5000        4.04266        3.41694        4.88397
      46.5500        4.04038        3.41235        4.87932
      46.6000        4.03810        3.40776        4.87466
      46.6500        4.03583        3.40317        4.87001
      46.7000        4.03355        3.39859        4.86535
      46.7500        4.03128        3.39400        4.86069
      46.8000        4.02901        3.38942        4.85604
      46.8500        4.02674        3.38484        4.85138
      46.9000        4.02447        3.38026        4.84672
      46.9500        4.02220        3.37568        4.84206
      47.0000        4.01993        3.37110        4.83740
      47.0500        4.01767        3.36653        4.83273
      47.1000        4.01540        3.36195        4.82807
      47.1500        4.01314        3.35738        4.82341
      47.2000        4.01087        3.35281        4.81874
      47.2500        4.00861        3.34824        4.81408
      47.3000        4.00635        3.34367        4.80941
      47.3500        4.00409        3.33910        4.80474
      47.4000        4.00184        3.33454        4.80007
      47.4500        3.99958        3.32997        4.79540
      47.5000        3.99732        3.32541        4.79074
      47.5500        3.99507        3.32085        4.78607
      47.6000        3.99282        3.31684        4.78139
      47.6500        3.99056        3.31228        4.77672
      47.7000        3.98831        3.30772        4.77205
      47.7500        3.98606        3.30317        4.76737
      47.8000        3.98382        3.29862        4.76270
      47.8500        3.98157        3.29406        4.75803
      47.9000        3.97932        3.28951        4.75335
      47.9500        3.97708        3.28496        4.74867
      48.0000        3.97483        3.28041        4.74399
      48.0500        3.97259        3.27587        4.73932
      48.1000        3.97035        3.27132        4.73464
      48.1500        3.96811        3.26677        4.72996
      48.2000        3.96587        3.26223        4.72527
      48.2500        3.96363        3.25769        4.72059
      48.3000        3.96140        3.25315        4.71641
      48.3500        3.95916        3.24861        4.71396
      48.4000        3.95693        3.24407        4.71151
      48.4500        3.95469        3.23953        4.70906
      48.5000        3.95246        3.23499        4.70661
      48.5500        3.95023        3.23046        4.70417
      48.6000        3.94800        3.22592        4.70173
      48.6500        3.94577        3.22139        4.69929
      48.7000        3.94355        3.21686        4.69685
      48.7500        3.94132        3.21233        4.69442
      48.8000        3.93910        3.20780        4.69198
      48.8500        3.93687        3.20327        4.68955
      48.9000        3.93465        3.19874        4.68713
      48.9500        3.93243        3.19421        4.68470
      49.0000        3.93021        3.18969        4.68228
      49.0500        3.92799        3.18517        4.67986
      49.1000        3.92577        3.18064        4.67744
      49.1500        3.92355        3.17612        4.67502
      49.2000        3.92134        3.17160        4.67261
      49.2500        3.91913        3.16708        4.67020
      49.3000        3.91691        3.16256        4.66779
      49.3500        3.91470        3.15805        4.66538
      49.4000        3.91249        3.15353        4.66297
      49.4500        3.91028        3.14902        4.66057
      49.5000        3.90807        3.14451        4.65817
      49.5500        3.90586        3.13999        4.65578
      49.6000        3.90366        3.13548        4.65338
      49.6500        3.90145        3.13097        4.65099
      49.7000        3.89925        3.12646        4.64860
      49.7500        3.89705        3.12196        4.64621
      49.8000        3.89485        3.11745        4.64382
      49.8500        3.89265        3.11295        4.64144
      49.9000        3.89045        3.10844        4.63906
      49.9500        3.88825        3.10394        4.63668
