      0.00000        10.3760        10.3560        10.5140
    0.0500000        10.3235        10.2536        10.4207
     0.100000        10.2731        10.1981        10.3001
     0.150000        10.1928        10.1695        10.2163
     0.200000        10.1193        10.0770        10.1396
     0.250000        10.0397        10.0133        10.0850
     0.300000        9.97813        9.95902        10.0291
     0.350000        9.94386        9.89662        9.97325
     0.400000        9.90055        9.84271        9.92284
     0.450000        9.84565        9.78656        9.88022
     0.500000        9.79183        9.73385        9.83331
     0.550000        9.74885        9.68435        9.78780
     0.600000        9.70459        9.63773        9.74419
     0.650000        9.66297        9.59345        9.69938
     0.700000        9.62445        9.55280        9.65664
     0.750000        9.58905        9.51616        9.61577
     0.800000        9.55913        9.49609        9.57707
     0.850000        9.52819        9.47693        9.53975
     0.900000        9.49547        9.44639        9.50628
     0.950000        9.46417        9.42484        9.47526
      1.00000        9.43461        9.40434        9.44210
      1.05000        9.40567        9.38400        9.41040
      1.10000        9.37971        9.36414        9.38572
      1.15000        9.35174        9.34038        9.36436
      1.20000        9.32535        9.31102        9.33643
      1.25000        9.30361        9.28294        9.31044
      1.30000        9.28039        9.25572        9.28901
      1.35000        9.25806        9.22953        9.27138
      1.40000        9.23383        9.20399        9.25414
      1.45000        9.21003        9.17932        9.23758
      1.50000        9.18690        9.16721        9.22106
      1.55000        9.16444        9.14824        9.20480
      1.60000        9.14472        9.12665        9.18877
      1.65000        9.13423        9.10575        9.17302
      1.70000        9.12127        9.08551        9.15754
      1.75000        9.10400        9.06597        9.14203
      1.80000        9.08753        9.04767        9.12719
      1.85000        9.07117        9.03098        9.11270
      1.90000        9.05523        9.01242        9.09858
      1.95000        9.03972        8.99688        9.08499
      2.00000        9.02512        8.98266        9.06989
      2.05000        9.01040        8.96845        9.05747
      2.10000        8.99598        8.95439        9.04163
      2.15000        8.98153        8.93774        9.02683
      2.20000        8.96671        8.92148        9.01201
      2.25000        8.95218        8.90608        8.99807
      2.30000        8.93793        8.89049        8.98435
      2.35000        8.92417        8.87520        8.97085
      2.40000        8.91333        8.86022        8.95781
      2.45000        8.90290        8.84585        8.94477
      2.50000        8.89072        8.83145        8.93191
      2.55000        8.87843        8.81963        8.91923
      2.60000        8.86633        8.80834        8.90674
      2.65000        8.85479        8.79758        8.89446
      2.70000        8.84299        8.78678        8.88232
      2.75000        8.83133        8.77622        8.87036
      2.80000        8.81980        8.76591        8.85857
      2.85000        8.80841        8.75585        8.84697
      2.90000        8.79757        8.74641        8.83582
      2.95000        8.78645        8.73681        8.82456
      3.00000        8.77541        8.72741        8.81345
      3.05000        8.76447        8.71821        8.80248
      3.10000        8.75362        8.70921        8.79166
      3.15000        8.74285        8.70100        8.78099
      3.20000        8.73225        8.69236        8.77089
      3.25000        8.72165        8.68387        8.76050
      3.30000        8.71114        8.67553        8.75021
      3.35000        8.70070        8.66733        8.74004
      3.40000        8.69035        8.65928        8.72999
      3.45000        8.68007        8.65023        8.72004
      3.50000        8.67010        8.64160        8.71020
      3.55000        8.65997        8.63261        8.70064
      3.60000        8.64991        8.62373        8.69102
      3.65000        8.63992        8.61496        8.68150
      3.70000        8.62999        8.60630        8.67207
      3.75000        8.62012        8.59775        8.66274
      3.80000        8.61032        8.58931        8.65351
      3.85000        8.60066        8.58135        8.64438
      3.90000        8.59099        8.57310        8.63533
      3.95000        8.58212        8.56493        8.62640
      4.00000        8.57381        8.55684        8.61756
      4.05000        8.56707        8.54884        8.60882
      4.10000        8.56071        8.54092        8.60018
      4.15000        8.55445        8.53308        8.59164
      4.20000        8.54911        8.52550        8.58319
      4.25000        8.54305        8.51784        8.57532
      4.30000        8.53706        8.51025        8.56705
      4.35000        8.53113        8.50274        8.55886
      4.40000        8.52527        8.49531        8.55073
      4.45000        8.51948        8.48795        8.54269
      4.50000        8.51375        8.47942        8.53472
      4.55000        8.50808        8.47059        8.52682
      4.60000        8.50248        8.46184        8.51900
      4.65000        8.49569        8.45299        8.51126
      4.70000        8.48762        8.44436        8.50387
      4.75000        8.47961        8.43582        8.49628
      4.80000        8.47168        8.42736        8.48877
      4.85000        8.46381        8.41897        8.48131
      4.90000        8.45602        8.41066        8.47392
      4.95000        8.44829        8.40244        8.46660
      5.00000        8.44063        8.39575        8.46011
      5.05000        8.43303        8.39020        8.45498
      5.10000        8.42577        8.38427        8.45013
      5.15000        8.41830        8.37838        8.44509
      5.20000        8.41090        8.37254        8.44009
      5.25000        8.40355        8.36675        8.43512
      5.30000        8.39625        8.36099        8.43020
      5.35000        8.38902        8.35529        8.42532
      5.40000        8.38184        8.34962        8.42047
      5.45000        8.37473        8.34400        8.41567
      5.50000        8.36767        8.33842        8.41091
      5.55000        8.36067        8.33322        8.40619
      5.60000        8.35396        8.32774        8.40183
      5.65000        8.34708        8.32229        8.39719
      5.70000        8.34025        8.31688        8.39258
      5.75000        8.33347        8.31150        8.38800
      5.80000        8.32720        8.30616        8.38345
      5.85000        8.32137        8.30085        8.37894
      5.90000        8.31559        8.29557        8.37445
      5.95000        8.30986        8.29033        8.36999
      6.00000        8.30417        8.28511        8.36556
      6.05000        8.29853        8.27994        8.36116
      6.10000        8.29351        8.27500        8.35680
      6.15000        8.28796        8.26988        8.35267
      6.20000        8.28244        8.26479        8.34836
      6.25000        8.27695        8.25972        8.34407
      6.30000        8.27149        8.25469        8.33982
      6.35000        8.26606        8.24968        8.33558
      6.40000        8.26067        8.24470        8.33138
      6.45000        8.25530        8.23975        8.32720
      6.50000        8.24997        8.23482        8.32304
      6.55000        8.24467        8.22993        8.31891
      6.60000        8.23940        8.22506        8.31481
      6.65000        8.23417        8.22022        8.31073
      6.70000        8.22931        8.21450        8.30667
      6.75000        8.22415        8.20881        8.30284
      6.80000        8.21900        8.20306        8.29884
      6.85000        8.21388        8.19736        8.29486
      6.90000        8.20879        8.19170        8.29090
      6.95000        8.20371        8.18608        8.28696
      7.00000        8.19867        8.18052        8.28305
      7.05000        8.19364        8.17499        8.27915
      7.10000        8.18864        8.16951        8.27528
      7.15000        8.18367        8.16407        8.27143
      7.20000        8.17872        8.15868        8.26752
      7.25000        8.17379        8.15333        8.26258
      7.30000        8.16889        8.14803        8.25768
      7.35000        8.16401        8.14277        8.25280
      7.40000        8.15893        8.13808        8.24796
      7.45000        8.15376        8.13289        8.24315
      7.50000        8.14862        8.12774        8.23837
      7.55000        8.14351        8.12263        8.23361
      7.60000        8.13844        8.11756        8.22889
      7.65000        8.13341        8.11252        8.22420
      7.70000        8.12841        8.10751        8.21954
      7.75000        8.12345        8.10254        8.21527
      7.80000        8.11852        8.09761        8.21066
      7.85000        8.11363        8.09271        8.20607
      7.90000        8.10877        8.08785        8.20152
      7.95000        8.10437        8.08303        8.19698
      8.00000        8.09958        8.07824        8.19247
      8.05000        8.09500        8.07348        8.18799
      8.10000        8.09095        8.06876        8.18353
      8.15000        8.08678        8.06437        8.17910
      8.20000        8.08263        8.05974        8.17469
      8.25000        8.07849        8.05514        8.17030
      8.30000        8.07436        8.05058        8.16595
      8.35000        8.07026        8.04604        8.16161
      8.40000        8.06617        8.04153        8.15730
      8.45000        8.06210        8.03706        8.15302
      8.50000        8.05804        8.03262        8.14922
      8.55000        8.05373        8.02820        8.14499
      8.60000        8.04934        8.02382        8.14078
      8.65000        8.04497        8.01947        8.13658
      8.70000        8.04061        8.01515        8.13241
      8.75000        8.03627        8.01087        8.12826
      8.80000        8.03195        8.00661        8.12412
      8.85000        8.02764        8.00238        8.12001
      8.90000        8.02379        7.99819        8.11591
      8.95000        8.01951        7.99431        8.11183
      9.00000        8.01525        7.99017        8.10778
      9.05000        8.01100        7.98605        8.10374
      9.10000        8.00676        7.98197        8.09972
      9.15000        8.00253        7.97791        8.09572
      9.20000        7.99831        7.97388        8.09174
      9.25000        7.99411        7.96988        8.08777
      9.30000        7.98991        7.96591        8.08383
      9.35000        7.98572        7.96196        8.08021
      9.40000        7.98155        7.95805        8.07630
      9.45000        7.97739        7.95416        8.07242
      9.50000        7.97324        7.95030        8.06855
      9.55000        7.96910        7.94647        8.06469
      9.60000        7.96497        7.94266        8.06085
      9.65000        7.96085        7.93889        8.05703
      9.70000        7.95674        7.93514        8.05323
      9.75000        7.95264        7.93142        8.04944
      9.80000        7.94867        7.92773        8.04566
      9.85000        7.94460        7.92479        8.04191
      9.90000        7.94055        7.92116        8.03816
      9.95000        7.93650        7.91756        8.03444
      10.0000        7.93246        7.91398        8.03073
      10.0500        7.92843        7.91041        8.02704
      10.1000        7.92442        7.90687        8.02336
      10.1500        7.92041        7.90335        8.01970
      10.2000        7.91641        7.89986        8.01605
      10.2500        7.91243        7.89638        8.01242
      10.3000        7.90845        7.89292        8.00920
      10.3500        7.90467        7.88949        8.00560
      10.4000        7.90101        7.88608        8.00202
      10.4500        7.89736        7.88269        7.99844
      10.5000        7.89374        7.87932        7.99488
      10.5500        7.89014        7.87597        7.99133
      10.6000        7.88705        7.87264        7.98780
      10.6500        7.88348        7.86934        7.98427
      10.7000        7.87992        7.86558        7.98076
      10.7500        7.87637        7.86177        7.97726
      10.8000        7.87285        7.85798        7.97377
      10.8500        7.86933        7.85420        7.97030
      10.9000        7.86583        7.85064        7.96676
      10.9500        7.86234        7.84688        7.96317
      11.0000        7.85887        7.84313        7.95960
      11.0500        7.85541        7.83939        7.95569
      11.1000        7.85197        7.83566        7.95172
      11.1500        7.84854        7.83194        7.94777
      11.2000        7.84513        7.82823        7.94384
      11.2500        7.84173        7.82453        7.93992
      11.3000        7.83834        7.82084        7.93602
      11.3500        7.83497        7.81716        7.93214
      11.4000        7.83161        7.81349        7.92827
      11.4500        7.82827        7.80984        7.92442
      11.5000        7.82494        7.80619        7.92059
      11.5500        7.82162        7.80255        7.91677
      11.6000        7.81832        7.79893        7.91297
      11.6500        7.81568        7.79531        7.90918
      11.7000        7.81241        7.79171        7.90580
      11.7500        7.80915        7.78812        7.90205
      11.8000        7.80590        7.78453        7.89832
      11.8500        7.80266        7.78096        7.89460
      11.9000        7.79943        7.77740        7.89089
      11.9500        7.79621        7.77403        7.88720
      12.0000        7.79299        7.77049        7.88351
      12.0500        7.78979        7.76697        7.87985
      12.1000        7.78660        7.76345        7.87619
      12.1500        7.78342        7.75994        7.87256
      12.2000        7.78025        7.75644        7.86893
      12.2500        7.77709        7.75295        7.86532
      12.3000        7.77394        7.74947        7.86172
      12.3500        7.77080        7.74600        7.85813
      12.4000        7.76767        7.74254        7.85456
      12.4500        7.76455        7.73909        7.85100
      12.5000        7.76144        7.73565        7.84746
      12.5500        7.75834        7.73221        7.84393
      12.6000        7.75525        7.72879        7.84041
      12.6500        7.75233        7.72537        7.83691
      12.7000        7.74968        7.72197        7.83342
      12.7500        7.74704        7.71857        7.82994
      12.8000        7.74442        7.71518        7.82648
      12.8500        7.74181        7.71180        7.82373
      12.9000        7.73921        7.70844        7.82029
      12.9500        7.73663        7.70508        7.81686
      13.0000        7.73406        7.70173        7.81344
      13.0500        7.73150        7.69839        7.81003
      13.1000        7.72895        7.69505        7.80663
      13.1500        7.72718        7.69184        7.80324
      13.2000        7.72465        7.68853        7.79986
      13.2500        7.72214        7.68522        7.79649
      13.3000        7.71963        7.68192        7.79313
      13.3500        7.71714        7.67863        7.78978
      13.4000        7.71465        7.67535        7.78644
      13.4500        7.71217        7.67208        7.78311
      13.5000        7.70971        7.66882        7.77978
      13.5500        7.70725        7.66556        7.77647
      13.6000        7.70480        7.66232        7.77317
      13.6500        7.70236        7.65908        7.76988
      13.7000        7.69993        7.65585        7.76660
      13.7500        7.69751        7.65263        7.76333
      13.8000        7.69510        7.64942        7.76006
      13.8500        7.69269        7.64621        7.75681
      13.9000        7.69030        7.64302        7.75357
      13.9500        7.68792        7.63983        7.75034
      14.0000        7.68555        7.63666        7.74712
      14.0500        7.68318        7.63349        7.74390
      14.1000        7.68083        7.63033        7.74070
      14.1500        7.67823        7.62718        7.73794
      14.2000        7.67543        7.62384        7.73476
      14.2500        7.67264        7.62042        7.73160
      14.3000        7.66986        7.61701        7.72844
      14.3500        7.66709        7.61357        7.72529
      14.4000        7.66433        7.61017        7.72215
      14.4500        7.66158        7.60677        7.71902
      14.5000        7.65883        7.60338        7.71589
      14.5500        7.65610        7.59999        7.71278
      14.6000        7.65337        7.59661        7.70967
      14.6500        7.65115        7.59323        7.70657
      14.7000        7.64837        7.58986        7.70347
      14.7500        7.64560        7.58649        7.70039
      14.8000        7.64284        7.58314        7.69731
      14.8500        7.64009        7.57978        7.69424
      14.9000        7.63734        7.57643        7.69117
      14.9500        7.63460        7.57373        7.68812
      15.0000        7.63187        7.57108        7.68507
      15.0500        7.62915        7.56844        7.68203
      15.1000        7.62643        7.56580        7.67900
      15.1500        7.62372        7.56317        7.67598
      15.2000        7.62102        7.56053        7.67296
      15.2500        7.61832        7.55790        7.66996
      15.3000        7.61563        7.55528        7.66696
      15.3500        7.61295        7.55265        7.66396
      15.4000        7.61027        7.55003        7.66098
      15.4500        7.60761        7.54742        7.65800
      15.5000        7.60495        7.54480        7.65504
      15.5500        7.60229        7.54219        7.65242
      15.6000        7.59965        7.53956        7.64947
      15.6500        7.59701        7.53663        7.64651
      15.7000        7.59438        7.53370        7.64357
      15.7500        7.59175        7.53078        7.64063
      15.8000        7.58947        7.52787        7.63770
      15.8500        7.58686        7.52496        7.63477
      15.9000        7.58425        7.52217        7.63186
      15.9500        7.58165        7.51928        7.62894
      16.0000        7.57906        7.51640        7.62604
      16.0500        7.57647        7.51353        7.62314
      16.1000        7.57389        7.51066        7.62025
      16.1500        7.57131        7.50779        7.61736
      16.2000        7.56874        7.50494        7.61448
      16.2500        7.56618        7.50209        7.61161
      16.3000        7.56362        7.49924        7.60874
      16.3500        7.56107        7.49641        7.60588
      16.4000        7.55852        7.49358        7.60303
      16.4500        7.55598        7.49075        7.60018
      16.5000        7.55345        7.48793        7.59734
      16.5500        7.55092        7.48512        7.59451
      16.6000        7.54840        7.48277        7.59169
      16.6500        7.54588        7.48049        7.58887
      16.7000        7.54337        7.47821        7.58605
      16.7500        7.54087        7.47594        7.58325
      16.8000        7.53837        7.47366        7.58045
      16.8500        7.53588        7.47140        7.57765
      16.9000        7.53339        7.46914        7.57487
      16.9500        7.53091        7.46688        7.57209
      17.0000        7.52844        7.46462        7.56931
      17.0500        7.52597        7.46237        7.56655
      17.1000        7.52351        7.46012        7.56460
      17.1500        7.52105        7.45788        7.56185
      17.2000        7.51860        7.45564        7.55910
      17.2500        7.51616        7.45341        7.55636
      17.3000        7.51372        7.45117        7.55362
      17.3500        7.51170        7.44909        7.55089
      17.4000        7.50928        7.44686        7.54816
      17.4500        7.50686        7.44464        7.54543
      17.5000        7.50445        7.44243        7.54271
      17.5500        7.50204        7.44021        7.53999
      17.6000        7.49964        7.43800        7.53728
      17.6500        7.49724        7.43559        7.53457
      17.7000        7.49484        7.43313        7.53186
      17.7500        7.49245        7.43067        7.52916
      17.8000        7.49007        7.42822        7.52723
      17.8500        7.48769        7.42577        7.52533
      17.9000        7.48531        7.42333        7.52343
      17.9500        7.48294        7.42116        7.52153
      18.0000        7.48058        7.41872        7.51964
      18.0500        7.47822        7.41627        7.51775
      18.1000        7.47586        7.41384        7.51587
      18.1500        7.47351        7.41140        7.51398
      18.2000        7.47116        7.40897        7.51211
      18.2500        7.46882        7.40654        7.51023
      18.3000        7.46649        7.40411        7.50836
      18.3500        7.46415        7.40169        7.50649
      18.4000        7.46183        7.39926        7.50463
      18.4500        7.45950        7.39684        7.50277
      18.5000        7.45719        7.39443        7.50091
      18.5500        7.45487        7.39201        7.49906
      18.6000        7.45256        7.38960        7.49720
      18.6500        7.45026        7.38720        7.49536
      18.7000        7.44796        7.38479        7.49351
      18.7500        7.44567        7.38239        7.49167
      18.8000        7.44338        7.37999        7.48984
      18.8500        7.44109        7.37759        7.48800
      18.9000        7.43881        7.37520        7.48617
      18.9500        7.43654        7.37281        7.48435
      19.0000        7.43427        7.37042        7.48252
      19.0500        7.43200        7.36803        7.48070
      19.1000        7.43002        7.36565        7.47889
      19.1500        7.42776        7.36327        7.47707
      19.2000        7.42551        7.36089        7.47585
      19.2500        7.42326        7.35852        7.47404
      19.3000        7.42102        7.35615        7.47223
      19.3500        7.41878        7.35378        7.47043
      19.4000        7.41654        7.35141        7.46863
      19.4500        7.41431        7.34905        7.46683
      19.5000        7.41209        7.34669        7.46503
      19.5500        7.40986        7.34433        7.46323
      19.6000        7.40764        7.34198        7.46144
      19.6500        7.40543        7.33962        7.45965
      19.7000        7.40322        7.33728        7.45786
      19.7500        7.40101        7.33524        7.45607
      19.8000        7.39880        7.33290        7.45428
      19.8500        7.39661        7.33056        7.45250
      19.9000        7.39441        7.32823        7.45072
      19.9500        7.39222        7.32590        7.44894
      20.0000        7.39003        7.32357        7.44716
      20.0500        7.38785        7.32124        7.44538
      20.1000        7.38567        7.31892        7.44361
      20.1500        7.38349        7.31659        7.44184
      20.2000        7.38132        7.31427        7.44007
      20.2500        7.37916        7.31195        7.43830
      20.3000        7.37699        7.30964        7.43653
      20.3500        7.37483        7.30732        7.43477
      20.4000        7.37268        7.30501        7.43300
      20.4500        7.37053        7.30270        7.43124
      20.5000        7.36838        7.30039        7.42948
      20.5500        7.36624        7.29808        7.42773
      20.6000        7.36410        7.29578        7.42597
      20.6500        7.36196        7.29348        7.42422
      20.7000        7.35983        7.29118        7.42247
      20.7500        7.35771        7.28888        7.42072
      20.8000        7.35558        7.28658        7.41898
      20.8500        7.35346        7.28429        7.41723
      20.9000        7.35135        7.28199        7.41549
      20.9500        7.34924        7.27970        7.41342
      21.0000        7.34729        7.27741        7.41117
      21.0500        7.34519        7.27513        7.40892
      21.1000        7.34309        7.27284        7.40666
      21.1500        7.34100        7.27056        7.40442
      21.2000        7.33891        7.26828        7.40217
      21.2500        7.33682        7.26600        7.39993
      21.3000        7.33474        7.26372        7.39769
      21.3500        7.33266        7.26145        7.39545
      21.4000        7.33059        7.25918        7.39321
      21.4500        7.32852        7.25691        7.39098
      21.5000        7.32645        7.25464        7.38875
      21.5500        7.32438        7.25237        7.38652
      21.6000        7.32232        7.25011        7.38429
      21.6500        7.32027        7.24785        7.38207
      21.7000        7.31821        7.24559        7.37985
      21.7500        7.31617        7.24311        7.37763
      21.8000        7.31412        7.24085        7.37541
      21.8500        7.31208        7.23859        7.37320
      21.9000        7.31004        7.23634        7.37099
      21.9500        7.30801        7.23409        7.36878
      22.0000        7.30598        7.23185        7.36657
      22.0500        7.30395        7.22960        7.36437
      22.1000        7.30193        7.22736        7.36217
      22.1500        7.29991        7.22512        7.35997
      22.2000        7.29789        7.22288        7.35777
      22.2500        7.29588        7.22064        7.35558
      22.3000        7.29387        7.21841        7.35339
      22.3500        7.29187        7.21618        7.35120
      22.4000        7.28987        7.21395        7.34901
      22.4500        7.28787        7.21173        7.34683
      22.5000        7.28588        7.20951        7.34465
      22.5500        7.28389        7.20729        7.34247
      22.6000        7.28190        7.20507        7.34029
      22.6500        7.27992        7.20285        7.33812
      22.7000        7.27794        7.20064        7.33594
      22.7500        7.27597        7.19843        7.33377
      22.8000        7.27399        7.19622        7.33163
      22.8500        7.27203        7.19401        7.32946
      22.9000        7.27002        7.19181        7.32730
      22.9500        7.26794        7.18961        7.32514
      23.0000        7.26554        7.18741        7.32298
      23.0500        7.26315        7.18522        7.32083
      23.1000        7.26076        7.18302        7.31867
      23.1500        7.25837        7.18083        7.31652
      23.2000        7.25598        7.17864        7.31437
      23.2500        7.25360        7.17646        7.31223
      23.3000        7.25121        7.17427        7.31008
      23.3500        7.24883        7.17209        7.30794
      23.4000        7.24644        7.16991        7.30580
      23.4500        7.24406        7.16774        7.30367
      23.5000        7.24168        7.16556        7.30153
      23.5500        7.23930        7.16339        7.29940
      23.6000        7.23692        7.16122        7.29727
      23.6500        7.23454        7.15906        7.29515
      23.7000        7.23216        7.15689        7.29302
      23.7500        7.22979        7.15473        7.29090
      23.8000        7.22741        7.15257        7.28878
      23.8500        7.22504        7.15042        7.28667
      23.9000        7.22267        7.14898        7.28455
      23.9500        7.22029        7.14682        7.28244
      24.0000        7.21792        7.14467        7.28033
      24.0500        7.21556        7.14251        7.27822
      24.1000        7.21319        7.14036        7.27612
      24.1500        7.21082        7.13821        7.27402
      24.2000        7.20845        7.13606        7.27192
      24.2500        7.20609        7.13391        7.26982
      24.3000        7.20373        7.13177        7.26773
      24.3500        7.20136        7.12962        7.26564
      24.4000        7.19900        7.12748        7.26355
      24.4500        7.19664        7.12534        7.26146
      24.5000        7.19428        7.12320        7.25938
      24.5500        7.19192        7.12106        7.25729
      24.6000        7.18957        7.11892        7.25522
      24.6500        7.18721        7.11678        7.25314
      24.7000        7.18486        7.11465        7.25106
      24.7500        7.18250        7.11251        7.24899
      24.8000        7.18015        7.11038        7.24692
      24.8500        7.17780        7.10825        7.24485
      24.9000        7.17545        7.10612        7.24279
      24.9500        7.17310        7.10399        7.24073
      25.0000        7.17075        7.10186        7.23867
      25.0500        7.16874        7.09974        7.23707
      25.1000        7.16639        7.09761        7.23502
      25.1500        7.16404        7.09549        7.23297
      25.2000        7.16170        7.09337        7.23092
      25.2500        7.15935        7.09125        7.22887
      25.3000        7.15701        7.08913        7.22682
      25.3500        7.15466        7.08701        7.22477
      25.4000        7.15232        7.08489        7.22273
      25.4500        7.14997        7.08278        7.22069
      25.5000        7.14763        7.08067        7.21865
      25.5500        7.14529        7.07855        7.21661
      25.6000        7.14295        7.07644        7.21457
      25.6500        7.14061        7.07433        7.21253
      25.7000        7.13827        7.07222        7.21050
      25.7500        7.13593        7.07012        7.20847
      25.8000        7.13359        7.06801        7.20644
      25.8500        7.13125        7.06591        7.20441
      25.9000        7.12891        7.06380        7.20239
      25.9500        7.12657        7.06170        7.20036
      26.0000        7.12424        7.05960        7.19834
      26.0500        7.12190        7.05750        7.19632
      26.1000        7.11956        7.05541        7.19430
      26.1500        7.11723        7.05331        7.19228
      26.2000        7.11490        7.05121        7.19027
      26.2500        7.11256        7.04912        7.18826
      26.3000        7.11023        7.04698        7.18624
      26.3500        7.10790        7.04490        7.18423
      26.4000        7.10557        7.04282        7.18223
      26.4500        7.10323        7.04074        7.18022
      26.5000        7.10090        7.03866        7.17822
      26.5500        7.09857        7.03659        7.17621
      26.6000        7.09624        7.03451        7.17421
      26.6500        7.09392        7.03244        7.17221
      26.7000        7.09159        7.03037        7.17022
      26.7500        7.08926        7.02830        7.16822
      26.8000        7.08693        7.02623        7.16623
      26.8500        7.08461        7.02416        7.16424
      26.9000        7.08228        7.02209        7.16225
      26.9500        7.07996        7.02003        7.16026
      27.0000        7.07763        7.01797        7.15827
      27.0500        7.07531        7.01590        7.15629
      27.1000        7.07299        7.01384        7.15431
      27.1500        7.07067        7.01178        7.15233
      27.2000        7.06834        7.00973        7.15035
      27.2500        7.06602        7.00767        7.14837
      27.3000        7.06370        7.00561        7.14639
      27.3500        7.06138        7.00356        7.14442
      27.4000        7.05906        7.00151        7.14245
      27.4500        7.05675        6.99946        7.14048
      27.5000        7.05443        6.99741        7.13851
      27.5500        7.05246        6.99536        7.13692
      27.6000        7.05015        6.99331        7.13496
      27.6500        7.04784        6.99127        7.13300
      27.7000        7.04552        6.98922        7.13104
      27.7500        7.04321        6.98718        7.12908
      27.8000        7.04090        6.98514        7.12713
      27.8500        7.03859        6.98310        7.12517
      27.9000        7.03628        6.98106        7.12322
      27.9500        7.03408        6.97902        7.12127
      28.0000        7.03231        6.97698        7.11932
      28.0500        7.03055        6.97495        7.11737
      28.1000        7.02878        6.97292        7.11542
      28.1500        7.02702        6.97088        7.11347
      28.2000        7.02526        6.96885        7.11153
      28.2500        7.02350        6.96682        7.10958
      28.3000        7.02174        6.96480        7.10764
      28.3500        7.01998        6.96277        7.10570
      28.4000        7.01823        6.96074        7.10376
      28.4500        7.01647        6.95872        7.10182
      28.5000        7.01472        6.95670        7.09988
      28.5500        7.01297        6.95468        7.09795
      28.6000        7.01122        6.95266        7.09601
      28.6500        7.00947        6.95064        7.09408
      28.7000        7.00772        6.94862        7.09215
      28.7500        7.00597        6.94660        7.09022
      28.8000        7.00423        6.94459        7.08829
      28.8500        7.00248        6.94258        7.08636
      28.9000        7.00074        6.94055        7.08444
      28.9500        6.99900        6.93854        7.08251
      29.0000        6.99726        6.93652        7.08059
      29.0500        6.99552        6.93450        7.07866
      29.1000        6.99378        6.93249        7.07674
      29.1500        6.99205        6.93048        7.07482
      29.2000        6.99031        6.92846        7.07291
      29.2500        6.98858        6.92645        7.07099
      29.3000        6.98685        6.92445        7.06907
      29.3500        6.98512        6.92244        7.06716
      29.4000        6.98339        6.92043        7.06525
      29.4500        6.98166        6.91843        7.06333
      29.5000        6.97993        6.91643        7.06142
      29.5500        6.97821        6.91442        7.05952
      29.6000        6.97648        6.91242        7.05761
      29.6500        6.97476        6.91043        7.05570
      29.7000        6.97304        6.90843        7.05380
      29.7500        6.97132        6.90643        7.05189
      29.8000        6.96960        6.90444        7.04999
      29.8500        6.96788        6.90245        7.04809
      29.9000        6.96617        6.90045        7.04619
      29.9500        6.96445        6.89846        7.04429
      30.0000        6.96274        6.89648        7.04240
      30.0500        6.96103        6.89449        7.04050
      30.1000        6.95932        6.89250        7.03861
      30.1500        6.95761        6.89052        7.03671
      30.2000        6.95590        6.88854        7.03482
      30.2500        6.95419        6.88656        7.03293
      30.3000        6.95249        6.88458        7.03104
      30.3500        6.95079        6.88260        7.02923
      30.4000        6.94908        6.88062        7.02734
      30.4500        6.94738        6.87864        7.02546
      30.5000        6.94568        6.87667        7.02358
      30.5500        6.94398        6.87470        7.02169
      30.6000        6.94229        6.87273        7.01981
      30.6500        6.94059        6.87076        7.01793
      30.7000        6.93889        6.86879        7.01605
      30.7500        6.93755        6.86682        7.01418
      30.8000        6.93586        6.86486        7.01230
      30.8500        6.93417        6.86289        7.01043
      30.9000        6.93249        6.86093        7.00855
      30.9500        6.93080        6.85897        7.00668
      31.0000        6.92911        6.85701        7.00481
      31.0500        6.92743        6.85505        7.00294
      31.1000        6.92575        6.85309        7.00107
      31.1500        6.92407        6.85114        6.99920
      31.2000        6.92238        6.84918        6.99734
      31.2500        6.92070        6.84723        6.99547
      31.3000        6.91902        6.84528        6.99361
      31.3500        6.91735        6.84333        6.99175
      31.4000        6.91567        6.84138        6.98989
      31.4500        6.91399        6.83943        6.98803
      31.5000        6.91232        6.83749        6.98617
      31.5500        6.91064        6.83554        6.98431
      31.6000        6.90897        6.83360        6.98246
      31.6500        6.90730        6.83166        6.98060
      31.7000        6.90562        6.82972        6.97875
      31.7500        6.90395        6.82778        6.97690
      31.8000        6.90228        6.82585        6.97505
      31.8500        6.90061        6.82391        6.97320
      31.9000        6.89895        6.82198        6.97135
      31.9500        6.89728        6.82004        6.96950
      32.0000        6.89561        6.81811        6.96765
      32.0500        6.89395        6.81618        6.96581
      32.1000        6.89229        6.81425        6.96397
      32.1500        6.89062        6.81233        6.96212
      32.2000        6.88896        6.81040        6.96028
      32.2500        6.88730        6.80848        6.95845
      32.3000        6.88564        6.80656        6.95661
      32.3500        6.88398        6.80463        6.95477
      32.4000        6.88232        6.80271        6.95293
      32.4500        6.88067        6.80080        6.95110
      32.5000        6.87901        6.79888        6.94927
      32.5500        6.87736        6.79696        6.94744
      32.6000        6.87570        6.79505        6.94560
      32.6500        6.87405        6.79314        6.94378
      32.7000        6.87240        6.79123        6.94195
      32.7500        6.87075        6.78932        6.94012
      32.8000        6.86910        6.78741        6.93830
      32.8500        6.86745        6.78550        6.93647
      32.9000        6.86580        6.78360        6.93465
      32.9500        6.86415        6.78169        6.93283
      33.0000        6.86251        6.77979        6.93101
      33.0500        6.86086        6.77789        6.92920
      33.1000        6.85922        6.77599        6.92774
      33.1500        6.85757        6.77409        6.92628
      33.2000        6.85593        6.77219        6.92482
      33.2500        6.85429        6.77030        6.92336
      33.3000        6.85265        6.76840        6.92191
      33.3500        6.85101        6.76651        6.92046
      33.4000        6.84937        6.76462        6.91901
      33.4500        6.84773        6.76273        6.91756
      33.5000        6.84610        6.76084        6.91612
      33.5500        6.84446        6.75896        6.91467
      33.6000        6.84283        6.75707        6.91323
      33.6500        6.84120        6.75519        6.91179
      33.7000        6.83956        6.75331        6.91035
      33.7500        6.83793        6.75142        6.90892
      33.8000        6.83630        6.74954        6.90797
      33.8500        6.83460        6.74767        6.90654
      33.9000        6.83298        6.74579        6.90511
      33.9500        6.83135        6.74391        6.90368
      34.0000        6.82972        6.74204        6.90226
      34.0500        6.82810        6.74017        6.90083
      34.1000        6.82648        6.73830        6.89941
      34.1500        6.82485        6.73643        6.89799
      34.2000        6.82323        6.73456        6.89657
      34.2500        6.82161        6.73269        6.89515
      34.3000        6.81999        6.73083        6.89373
      34.3500        6.81837        6.72896        6.89231
      34.4000        6.81675        6.72710        6.89090
      34.4500        6.81514        6.72524        6.88949
      34.5000        6.81352        6.72338        6.88808
      34.5500        6.81191        6.72152        6.88667
      34.6000        6.81029        6.71967        6.88526
      34.6500        6.80868        6.71781        6.88385
      34.7000        6.80707        6.71596        6.88245
      34.7500        6.80546        6.71411        6.88104
      34.8000        6.80385        6.71225        6.87964
      34.8500        6.80224        6.71040        6.87824
      34.9000        6.80063        6.70856        6.87684
      34.9500        6.79903        6.70671        6.87544
      35.0000        6.79742        6.70486        6.87405
      35.0500        6.79582        6.70302        6.87265
      35.1000        6.79422        6.70118        6.87126
      35.1500        6.79261        6.69934        6.86987
      35.2000        6.79101        6.69750        6.86848
      35.2500        6.78941        6.69566        6.86709
      35.3000        6.78781        6.69382        6.86570
      35.3500        6.78622        6.69199        6.86432
      35.4000        6.78462        6.69016        6.86293
      35.4500        6.78302        6.68832        6.86155
      35.5000        6.78143        6.68649        6.86017
      35.5500        6.77983        6.68443        6.85879
      35.6000        6.77824        6.68212        6.85741
      35.6500        6.77665        6.67981        6.85603
      35.7000        6.77506        6.67751        6.85466
      35.7500        6.77347        6.67520        6.85328
      35.8000        6.77188        6.67289        6.85191
      35.8500        6.77029        6.67059        6.85054
      35.9000        6.76871        6.66828        6.84917
      35.9500        6.76712        6.66597        6.84780
      36.0000        6.76554        6.66366        6.84644
      36.0500        6.76395        6.66136        6.84507
      36.1000        6.76237        6.65905        6.84371
      36.1500        6.76079        6.65674        6.84235
      36.2000        6.75921        6.65443        6.84099
      36.2500        6.75763        6.65212        6.83963
      36.3000        6.75605        6.64981        6.83827
      36.3500        6.75448        6.64751        6.83691
      36.4000        6.75290        6.64520        6.83556
      36.4500        6.75132        6.64289        6.83421
      36.5000        6.74975        6.64058        6.83285
      36.5500        6.74818        6.63827        6.83151
      36.6000        6.74660        6.63596        6.83016
      36.6500        6.74503        6.63396        6.82881
      36.7000        6.74346        6.63165        6.82746
      36.7500        6.74189        6.62934        6.82612
      36.8000        6.74033        6.62703        6.82478
      36.8500        6.73876        6.62472        6.82344
      36.9000        6.73719        6.62241        6.82210
      36.9500        6.73563        6.62010        6.82076
      37.0000        6.73407        6.61778        6.81942
      37.0500        6.73250        6.61547        6.81809
      37.1000        6.73094        6.61316        6.81675
      37.1500        6.72938        6.61085        6.81542
      37.2000        6.72794        6.60853        6.81457
      37.2500        6.72639        6.60622        6.81324
      37.3000        6.72483        6.60390        6.81192
      37.3500        6.72327        6.60159        6.81059
      37.4000        6.72171        6.59927        6.80927
      37.4500        6.72016        6.59696        6.80794
      37.5000        6.71860        6.59464        6.80662
      37.5500        6.71705        6.59233        6.80530
      37.6000        6.71549        6.59001        6.80398
      37.6500        6.71394        6.58769        6.80266
      37.7000        6.71239        6.58537        6.80134
      37.7500        6.71084        6.58306        6.80002
      37.8000        6.70929        6.58074        6.79871
      37.8500        6.70774        6.57842        6.79739
      37.9000        6.70619        6.57610        6.79608
      37.9500        6.70284        6.57378        6.79477
      38.0000        6.70095        6.57146        6.79346
      38.0500        6.69906        6.56914        6.79215
      38.1000        6.69717        6.56682        6.79084
      38.1500        6.69529        6.56450        6.78953
      38.2000        6.69340        6.56218        6.78823
      38.2500        6.69152        6.55985        6.78692
      38.3000        6.68964        6.55753        6.78562
      38.3500        6.68777        6.55521        6.78432
      38.4000        6.68589        6.55288        6.78302
      38.4500        6.68402        6.55056        6.78171
      38.5000        6.68215        6.54824        6.78042
      38.5500        6.68028        6.54591        6.77912
      38.6000        6.67841        6.54359        6.77782
      38.6500        6.67654        6.54126        6.77653
      38.7000        6.67468        6.53893        6.77523
      38.7500        6.67282        6.53661        6.77394
      38.8000        6.67096        6.53428        6.77265
      38.8500        6.66910        6.53195        6.77136
      38.9000        6.66724        6.52963        6.77007
      38.9500        6.66539        6.52730        6.76878
      39.0000        6.66353        6.52497        6.76749
      39.0500        6.66168        6.52264        6.76621
      39.1000        6.65983        6.52031        6.76492
      39.1500        6.65798        6.51798        6.76364
      39.2000        6.65614        6.51565        6.76235
      39.2500        6.65429        6.51332        6.76107
      39.3000        6.65245        6.51099        6.75979
      39.3500        6.65061        6.50866        6.75851
      39.4000        6.64877        6.50633        6.75724
      39.4500        6.64694        6.50399        6.75596
      39.5000        6.64510        6.50166        6.75469
      39.5500        6.64327        6.49933        6.75341
      39.6000        6.64144        6.49700        6.75214
      39.6500        6.63961        6.49466        6.75087
      39.7000        6.63778        6.49233        6.74960
      39.7500        6.63595        6.48999        6.74833
      39.8000        6.63413        6.48766        6.74706
      39.8500        6.63231        6.48532        6.74579
      39.9000        6.63049        6.48299        6.74453
      39.9500        6.62867        6.48065        6.74326
      40.0000        6.62685        6.47831        6.74200
      40.0500        6.62504        6.47598        6.74074
      40.1000        6.62323        6.47364        6.73947
      40.1500        6.62141        6.47130        6.73821
      40.2000        6.61961        6.46896        6.73695
      40.2500        6.61780        6.46662        6.73570
      40.3000        6.61599        6.46123        6.73444
      40.3500        6.61419        6.45890        6.73319
      40.4000        6.61239        6.45657        6.73193
      40.4500        6.61059        6.45424        6.73068
      40.5000        6.60879        6.45195        6.72943
      40.5500        6.60699        6.44971        6.72818
      40.6000        6.60520        6.44746        6.72693
      40.6500        6.60340        6.44521        6.72568
      40.7000        6.60161        6.44295        6.72443
      40.7500        6.59983        6.44069        6.72319
      40.8000        6.59804        6.43843        6.72194
      40.8500        6.59625        6.43617        6.72070
      40.9000        6.59447        6.43390        6.72000
      40.9500        6.59269        6.43164        6.71876
      41.0000        6.59091        6.42936        6.71752
      41.0500        6.58913        6.42709        6.71629
      41.1000        6.58735        6.42481        6.71505
      41.1500        6.58558        6.42253        6.71381
      41.2000        6.58381        6.42025        6.71258
      41.2500        6.58204        6.41794        6.71134
      41.3000        6.58027        6.41565        6.71011
      41.3500        6.57850        6.41336        6.70888
      41.4000        6.57673        6.41107        6.70764
      41.4500        6.57497        6.40877        6.70641
      41.5000        6.57321        6.40647        6.70518
      41.5500        6.57145        6.40417        6.70395
      41.6000        6.56969        6.40187        6.70272
      41.6500        6.56794        6.39956        6.70150
      41.7000        6.56618        6.39725        6.70027
      41.7500        6.57011        6.39494        6.69904
      41.8000        6.56835        6.39263        6.69782
      41.8500        6.56659        6.39031        6.69659
      41.9000        6.56483        6.38799        6.69537
      41.9500        6.56306        6.38567        6.69415
      42.0000        6.56130        6.38334        6.69293
      42.0500        6.55953        6.38101        6.69171
      42.1000        6.55777        6.37868        6.69049
      42.1500        6.55600        6.37634        6.68927
      42.2000        6.55423        6.37401        6.68805
      42.2500        6.55246        6.37167        6.68683
      42.3000        6.55069        6.36933        6.68561
      42.3500        6.54892        6.36698        6.68440
      42.4000        6.54715        6.36463        6.68318
      42.4500        6.54537        6.36228        6.68197
      42.5000        6.54360        6.35993        6.68076
      42.5500        6.54182        6.35757        6.67955
      42.6000        6.54004        6.35524        6.67833
      42.6500        6.53826        6.35297        6.67712
      42.7000        6.53649        6.35070        6.67591
      42.7500        6.53470        6.34843        6.67471
      42.8000        6.53292        6.34616        6.67350
      42.8500        6.53114        6.34389        6.67229
      42.9000        6.52936        6.34162        6.67108
      42.9500        6.52757        6.33935        6.66988
      43.0000        6.52579        6.33709        6.66868
      43.0500        6.52400        6.33482        6.66747
      43.1000        6.52221        6.33256        6.66627
      43.1500        6.52042        6.33030        6.66507
      43.2000        6.51863        6.32804        6.66387
      43.2500        6.51684        6.32578        6.66267
      43.3000        6.51505        6.32352        6.66147
      43.3500        6.51325        6.32126        6.66027
      43.4000        6.51146        6.31901        6.65907
      43.4500        6.50966        6.31676        6.65788
      43.5000        6.50787        6.31450        6.65668
      43.5500        6.50607        6.31225        6.65549
      43.6000        6.50427        6.31000        6.65429
      43.6500        6.50247        6.30775        6.65310
      43.7000        6.50067        6.30551        6.65191
      43.7500        6.49886        6.30326        6.65072
      43.8000        6.49706        6.30101        6.64953
      43.8500        6.49526        6.29877        6.64834
      43.9000        6.49345        6.29653        6.64715
      43.9500        6.49164        6.29429        6.64596
      44.0000        6.48984        6.29205        6.64477
      44.0500        6.48803        6.28981        6.64359
      44.1000        6.48622        6.28757        6.64240
      44.1500        6.48441        6.28534        6.64122
      44.2000        6.48259        6.28310        6.64003
      44.2500        6.48078        6.28087        6.63885
      44.3000        6.47897        6.27864        6.63767
      44.3500        6.47715        6.27956        6.63649
      44.4000        6.47534        6.27730        6.63531
      44.4500        6.47352        6.27504        6.63413
      44.5000        6.47170        6.27278        6.63295
      44.5500        6.46988        6.27052        6.63177
      44.6000        6.46806        6.26826        6.63060
      44.6500        6.46624        6.26600        6.62942
      44.7000        6.46441        6.26374        6.62825
      44.7500        6.46259        6.26148        6.62707
      44.8000        6.46076        6.25922        6.62590
      44.8500        6.45894        6.25696        6.62473
      44.9000        6.45711        6.25470        6.62356
      44.9500        6.45528        6.25244        6.62239
      45.0000        6.45345        6.25018        6.62052
      45.0500        6.45162        6.24792        6.61935
      45.1000        6.44979        6.24566        6.61819
      45.1500        6.44796        6.24340        6.61703
      45.2000        6.44612        6.24114        6.61587
      45.2500        6.44429        6.23888        6.61470
      45.3000        6.44245        6.23662        6.61355
      45.3500        6.44062        6.23435        6.61239
      45.4000        6.43878        6.23209        6.61123
      45.4500        6.43694        6.22983        6.61007
      45.5000        6.43510        6.22757        6.60892
      45.5500        6.43326        6.22531        6.60777
      45.6000        6.43142        6.22305        6.60661
      45.6500        6.42957        6.22078        6.60546
      45.7000        6.42773        6.21852        6.60431
      45.7500        6.42588        6.21626        6.60316
      45.8000        6.42403        6.21400        6.60202
      45.8500        6.42219        6.21173        6.60087
      45.9000        6.42034        6.20947        6.59973
      45.9500        6.41849        6.20721        6.59858
      46.0000        6.41664        6.20495        6.59744
      46.0500        6.41478        6.20268        6.59630
      46.1000        6.41293        6.20042        6.59516
      46.1500        6.41108        6.19816        6.59402
      46.2000        6.40922        6.19589        6.59288
      46.2500        6.40736        6.19363        6.59174
      46.3000        6.40551        6.19137        6.59061
      46.3500        6.40365        6.18910        6.58947
      46.4000        6.40179        6.18684        6.58834
      46.4500        6.39993        6.18458        6.58721
      46.5000        6.39806        6.18231        6.58608
      46.5500        6.39620        6.18005        6.58495
      46.6000        6.39434        6.17778        6.58382
      46.6500        6.39247        6.17552        6.58269
      46.7000        6.39061        6.17325        6.58156
      46.7500        6.38874        6.17129        6.58044
      46.8000        6.38687        6.17008        6.57931
      46.8500        6.38500        6.16888        6.57819
      46.9000        6.38313        6.16769        6.57707
      46.9500        6.38126        6.16649        6.57595
      47.0000        6.37938        6.16530        6.57483
      47.0500        6.37751        6.16410        6.57371
      47.1000        6.37564        6.16291        6.57260
      47.1500        6.37376        6.16172        6.57148
      47.2000        6.37188        6.16054        6.57036
      47.2500        6.37000        6.15935        6.56925
      47.3000        6.36812        6.15817        6.56814
      47.3500        6.36624        6.15699        6.56703
      47.4000        6.36436        6.15581        6.56592
      47.4500        6.36248        6.15464        6.56481
      47.5000        6.36060        6.15346        6.56370
      47.5500        6.35871        6.15229        6.56245
      47.6000        6.35683        6.15112        6.56089
      47.6500        6.35494        6.14995        6.55934
      47.7000        6.35305        6.14879        6.55778
      47.7500        6.35116        6.14762        6.55623
      47.8000        6.34927        6.14646        6.55467
      47.8500        6.34738        6.14530        6.55312
      47.9000        6.34549        6.14414        6.55156
      47.9500        6.34359        6.14299        6.55001
      48.0000        6.34170        6.14183        6.54846
      48.0500        6.33980        6.14068        6.54690
      48.1000        6.33791        6.13953        6.54535
      48.1500        6.33601        6.13838        6.54379
      48.2000        6.33411        6.13724        6.54224
      48.2500        6.33221        6.13610        6.54069
      48.3000        6.33031        6.13495        6.53913
      48.3500        6.32841        6.13381        6.53758
      48.4000        6.32650        6.13268        6.53603
      48.4500        6.32460        6.13154        6.53448
      48.5000        6.32269        6.13041        6.53292
      48.5500        6.32079        6.12928        6.53137
      48.6000        6.31888        6.12815        6.52982
      48.6500        6.31697        6.12702        6.52827
      48.7000        6.31506        6.12589        6.52672
      48.7500        6.31315        6.12477        6.52517
      48.8000        6.31124        6.12365        6.52361
      48.8500        6.30932        6.12253        6.52206
      48.9000        6.30741        6.12141        6.52051
      48.9500        6.30550        6.12030        6.51896
      49.0000        6.30358        6.11918        6.51741
      49.0500        6.30166        6.11807        6.51586
      49.1000        6.29974        6.11696        6.51431
      49.1500        6.29782        6.11586        6.51276
      49.2000        6.29590        6.11475        6.51121
      49.2500        6.29398        6.11365        6.50966
      49.3000        6.29206        6.11255        6.50811
      49.3500        6.29013        6.11145        6.50656
      49.4000        6.28821        6.11035        6.50501
      49.4500        6.28628        6.10926        6.50346
      49.5000        6.28436        6.10817        6.50191
      49.5500        6.28243        6.10707        6.50037
      49.6000        6.28050        6.10599        6.49882
      49.6500        6.27857        6.10490        6.49727
      49.7000        6.27664        6.10382        6.49572
      49.7500        6.27470        6.10273        6.49417
      49.8000        6.27277        6.10165        6.49269
      49.8500        6.27084        6.10057        6.49114
      49.9000        6.26890        6.09950        6.48959
      49.9500        6.26696        6.09842        6.48804
