      0.00000        9.81100        9.72699        9.83200
    0.0500000        9.78750        9.71600        9.81900
     0.100000        9.73769        9.70729        9.81230
     0.150000        9.71192        9.64351        9.75281
     0.200000        9.67384        9.58743        9.70255
     0.250000        9.63825        9.55157        9.65730
     0.300000        9.60678        9.50114        9.63534
     0.350000        9.57191        9.45462        9.61442
     0.400000        9.53513        9.41820        9.58970
     0.450000        9.50281        9.38279        9.57098
     0.500000        9.47016        9.35119        9.55222
     0.550000        9.43642        9.32865        9.52815
     0.600000        9.40217        9.31394        9.49590
     0.650000        9.37161        9.30099        9.46330
     0.700000        9.34263        9.28829        9.43306
     0.750000        9.31417        9.27472        9.39219
     0.800000        9.28505        9.24885        9.35535
     0.850000        9.25654        9.21403        9.33393
     0.900000        9.24256        9.17970        9.31391
     0.950000        9.23166        9.14648        9.29430
      1.00000        9.19710        9.13501        9.27534
      1.05000        9.16269        9.12449        9.25562
      1.10000        9.12834        9.11358        9.23751
      1.15000        9.10404        9.09649        9.21897
      1.20000        9.09291        9.06550        9.20170
      1.25000        9.08253        9.03606        9.18068
      1.30000        9.07229        9.00922        9.16683
      1.35000        9.06231        8.98356        9.14985
      1.40000        9.05147        8.95884        9.13356
      1.45000        9.04201        8.93874        9.11660
      1.50000        9.03114        8.93022        9.10067
      1.55000        9.01021        8.91210        9.08532
      1.60000        8.98316        8.88825        9.06930
      1.65000        8.95563        8.86909        9.05373
      1.70000        8.92846        8.86122        9.03871
      1.75000        8.91092        8.85341        9.02422
      1.80000        8.89674        8.84591        9.00396
      1.85000        8.88300        8.83765        8.98208
      1.90000        8.86963        8.82340        8.95922
      1.95000        8.85653        8.79656        8.94037
      2.00000        8.84532        8.77089        8.92960
      2.05000        8.83656        8.75830        8.91934
      2.10000        8.82750        8.75600        8.90973
      2.15000        8.81904        8.75242        8.90018
      2.20000        8.80962        8.75014        8.88993
      2.25000        8.80188        8.74758        8.87654
      2.30000        8.79152        8.74472        8.86201
      2.35000        8.77368        8.74266        8.84727
      2.40000        8.75474        8.73935        8.83309
      2.45000        8.74508        8.73512        8.81896
      2.50000        8.73744        8.71829        8.80529
      2.55000        8.72954        8.69972        8.79239
      2.60000        8.72177        8.68234        8.77925
      2.65000        8.71407        8.66507        8.76674
      2.70000        8.70670        8.65606        8.75406
      2.75000        8.69849        8.64906        8.74222
      2.80000        8.69098        8.64271        8.72967
      2.85000        8.68282        8.63540        8.71828
      2.90000        8.67501        8.62893        8.71307
      2.95000        8.66727        8.62257        8.70125
      3.00000        8.65959        8.61577        8.69018
      3.05000        8.65124        8.60560        8.67853
      3.10000        8.64299        8.59596        8.66700
      3.15000        8.63503        8.58873        8.65579
      3.20000        8.62707        8.57967        8.64560
      3.25000        8.61925        8.57044        8.63489
      3.30000        8.61174        8.56124        8.62410
      3.35000        8.60343        8.55216        8.61348
      3.40000        8.59526        8.54325        8.60314
      3.45000        8.58692        8.53451        8.59285
      3.50000        8.57823        8.52756        8.58279
      3.55000        8.56977        8.52337        8.57279
      3.60000        8.56060        8.51926        8.56301
      3.65000        8.55104        8.51599        8.55459
      3.70000        8.54223        8.51188        8.54635
      3.75000        8.53308        8.50785        8.53822
      3.80000        8.52373        8.50390        8.53032
      3.85000        8.51456        8.49994        8.52242
      3.90000        8.50579        8.49412        8.51420
      3.95000        8.49723        8.48768        8.50589
      4.00000        8.48874        8.48209        8.49840
      4.05000        8.48373        8.47616        8.49017
      4.10000        8.47504        8.46964        8.48108
      4.15000        8.46645        8.46050        8.47394
      4.20000        8.45858        8.45143        8.46789
      4.25000        8.45297        8.44317        8.46199
      4.30000        8.44499        8.43430        8.45609
      4.35000        8.43642        8.42595        8.45029
      4.40000        8.42716        8.41736        8.44450
      4.45000        8.41861        8.40878        8.43889
      4.50000        8.41027        8.40095        8.43328
      4.55000        8.40190        8.39258        8.42768
      4.60000        8.39401        8.38432        8.42219
      4.65000        8.38592        8.37624        8.41679
      4.70000        8.37781        8.36813        8.41131
      4.75000        8.37039        8.36023        8.40543
      4.80000        8.36301        8.35231        8.39909
      4.85000        8.35516        8.34462        8.39021
      4.90000        8.34741        8.33671        8.38209
      4.95000        8.34043        8.32918        8.37535
      5.00000        8.33336        8.32156        8.37041
      5.05000        8.32578        8.31413        8.36485
      5.10000        8.31828        8.30669        8.35932
      5.15000        8.31146        8.29886        8.35452
      5.20000        8.30412        8.29139        8.34914
      5.25000        8.29691        8.28428        8.34394
      5.30000        8.29037        8.27717        8.33862
      5.35000        8.28381        8.26998        8.33335
      5.40000        8.27671        8.26302        8.32878
      5.45000        8.26971        8.25551        8.32370
      5.50000        8.26343        8.24816        8.31874
      5.55000        8.25652        8.24142        8.31359
      5.60000        8.24968        8.23473        8.30871
      5.65000        8.24335        8.22756        8.30379
      5.70000        8.23713        8.22033        8.29900
      5.75000        8.23090        8.21376        8.29357
      5.80000        8.22432        8.20713        8.28886
      5.85000        8.21780        8.20062        8.28416
      5.90000        8.21190        8.19369        8.27925
      5.95000        8.20597        8.18694        8.27406
      6.00000        8.20007        8.18020        8.26957
      6.05000        8.19425        8.17351        8.26505
      6.10000        8.18846        8.16673        8.26003
      6.15000        8.18275        8.16038        8.25510
      6.20000        8.17701        8.15439        8.25021
      6.25000        8.17134        8.14843        8.24541
      6.30000        8.16576        8.14198        8.23972
      6.35000        8.16020        8.13560        8.23384
      6.40000        8.15466        8.12928        8.22790
      6.45000        8.14921        8.12299        8.22202
      6.50000        8.14382        8.11678        8.21626
      6.55000        8.13845        8.11069        8.21039
      6.60000        8.13302        8.10461        8.20471
      6.65000        8.12657        8.09853        8.19899
      6.70000        8.12013        8.09565        8.19332
      6.75000        8.11386        8.09214        8.18779
      6.80000        8.10747        8.08618        8.18215
      6.85000        8.10122        8.08013        8.17663
      6.90000        8.09505        8.07446        8.17118
      6.95000        8.08882        8.06910        8.16567
      7.00000        8.08559        8.06380        8.16035
      7.05000        8.08374        8.05827        8.15500
      7.10000        8.08204        8.05246        8.14959
      7.15000        8.07835        8.04685        8.14437
      7.20000        8.07387        8.04109        8.13904
      7.25000        8.06884        8.03569        8.13434
      7.30000        8.06422        8.03060        8.12930
      7.35000        8.05984        8.02596        8.12403
      7.40000        8.05552        8.02145        8.11897
      7.45000        8.05096        8.01716        8.11383
      7.50000        8.04606        8.01332        8.10884
      7.55000        8.04178        8.00887        8.10386
      7.60000        8.03740        8.00462        8.09881
      7.65000        8.03319        8.00027        8.09388
      7.70000        8.02897        7.99637        8.08901
      7.75000        8.02468        7.99247        8.08408
      7.80000        8.02048        7.98870        8.07927
      7.85000        8.01621        7.98396        8.07437
      7.90000        8.01219        7.97843        8.06968
      7.95000        8.00860        7.97248        8.06542
      8.00000        8.00447        7.96720        8.06059
      8.05000        8.00047        7.96181        8.05595
      8.10000        7.99638        7.95662        8.05133
      8.15000        7.99229        7.95123        8.04664
      8.20000        7.98834        7.94554        8.04211
      8.25000        7.98425        7.94045        8.04003
      8.30000        7.98041        7.93522        8.03781
      8.35000        7.97703        7.93017        8.03587
      8.40000        7.97321        7.92490        8.03424
      8.45000        7.96927        7.91932        8.03257
      8.50000        7.96541        7.91438        8.03063
      8.55000        7.96150        7.90931        8.02838
      8.60000        7.95766        7.90445        8.02391
      8.65000        7.95392        7.89938        8.01952
      8.70000        7.95012        7.89444        8.01524
      8.75000        7.94686        7.89005        8.01084
      8.80000        7.94331        7.88584        8.00707
      8.85000        7.93949        7.88144        8.00298
      8.90000        7.93587        7.87666        7.99859
      8.95000        7.93210        7.87238        7.99441
      9.00000        7.92860        7.86833        7.99006
      9.05000        7.92549        7.86412        7.98600
      9.10000        7.92195        7.86002        7.98239
      9.15000        7.91825        7.85587        7.97833
      9.20000        7.91473        7.85170        7.97410
      9.25000        7.91089        7.84764        7.96992
      9.30000        7.90670        7.84363        7.96591
      9.35000        7.90271        7.83951        7.96224
      9.40000        7.89866        7.83490        7.95851
      9.45000        7.89458        7.83034        7.95477
      9.50000        7.89066        7.82588        7.95107
      9.55000        7.88677        7.82138        7.94749
      9.60000        7.88278        7.81686        7.94366
      9.65000        7.87882        7.81243        7.93961
      9.70000        7.87499        7.80807        7.93576
      9.75000        7.87115        7.80372        7.93176
      9.80000        7.86725        7.79930        7.92802
      9.85000        7.86352        7.79496        7.92456
      9.90000        7.85961        7.79068        7.92101
      9.95000        7.85531        7.78633        7.91748
      10.0000        7.85141        7.78199        7.91397
      10.0500        7.84780        7.77785        7.91046
      10.1000        7.84401        7.77348        7.90697
      10.1500        7.84043        7.76886        7.90280
      10.2000        7.83664        7.76443        7.90054
      10.2500        7.83258        7.75993        7.89968
      10.3000        7.82867        7.75571        7.89689
      10.3500        7.82478        7.75170        7.89297
      10.4000        7.82091        7.74754        7.88908
      10.4500        7.81706        7.74353        7.88522
      10.5000        7.81321        7.73934        7.88138
      10.5500        7.80939        7.73481        7.87758
      10.6000        7.80558        7.73068        7.87378
      10.6500        7.80180        7.72677        7.87001
      10.7000        7.79804        7.72273        7.86624
      10.7500        7.79429        7.71889        7.86246
      10.8000        7.79057        7.71487        7.85873
      10.8500        7.78686        7.71061        7.85502
      10.9000        7.78313        7.70694        7.85133
      10.9500        7.77946        7.70327        7.84764
      11.0000        7.77581        7.69962        7.84409
      11.0500        7.77216        7.69597        7.84030
      11.1000        7.76852        7.69232        7.83627
      11.1500        7.76490        7.68870        7.83247
      11.2000        7.76130        7.68566        7.82854
      11.2500        7.75771        7.68354        7.82481
      11.3000        7.75415        7.68168        7.82136
      11.3500        7.75059        7.67964        7.81781
      11.4000        7.74707        7.67777        7.81428
      11.4500        7.74380        7.67576        7.81076
      11.5000        7.74102        7.67366        7.80726
      11.5500        7.73823        7.67133        7.80388
      11.6000        7.73539        7.66916        7.80027
      11.6500        7.73254        7.66700        7.79646
      11.7000        7.72984        7.66485        7.79285
      11.7500        7.72699        7.66270        7.78910
      11.8000        7.72379        7.66056        7.78550
      11.8500        7.72088        7.65843        7.78202
      11.9000        7.71807        7.65636        7.77891
      11.9500        7.71546        7.65426        7.77542
      12.0000        7.71270        7.65154        7.77169
      12.0500        7.71011        7.64828        7.76817
      12.1000        7.70736        7.64469        7.76466
      12.1500        7.70454        7.64149        7.76108
      12.2000        7.70139        7.63855        7.75752
      12.2500        7.69864        7.63543        7.75408
      12.3000        7.69613        7.63231        7.75065
      12.3500        7.69343        7.62958        7.74721
      12.4000        7.69075        7.62743        7.74373
      12.4500        7.68825        7.62504        7.74025
      12.5000        7.68553        7.62286        7.73682
      12.5500        7.68247        7.62070        7.73345
      12.6000        7.67977        7.61838        7.73010
      12.6500        7.67730        7.61627        7.72668
      12.7000        7.67469        7.61440        7.72327
      12.7500        7.67208        7.61243        7.71989
      12.8000        7.66968        7.61046        7.71659
      12.8500        7.66708        7.60863        7.71349
      12.9000        7.66442        7.60656        7.71051
      12.9500        7.66157        7.60427        7.70763
      13.0000        7.65886        7.60217        7.70476
      13.0500        7.65613        7.60009        7.70189
      13.1000        7.65344        7.59784        7.69853
      13.1500        7.65076        7.59579        7.69479
      13.2000        7.64796        7.59414        7.69119
      13.2500        7.64540        7.59218        7.68768
      13.3000        7.64310        7.59016        7.68445
      13.3500        7.64061        7.58797        7.68106
      13.4000        7.63814        7.58594        7.67769
      13.4500        7.63582        7.58393        7.67443
      13.5000        7.63335        7.58184        7.67096
      13.5500        7.63082        7.57975        7.66728
      13.6000        7.62809        7.57769        7.66379
      13.6500        7.62551        7.57569        7.66033
      13.7000        7.62295        7.57371        7.65699
      13.7500        7.62039        7.57172        7.65382
      13.8000        7.61784        7.56967        7.65085
      13.8500        7.61529        7.56763        7.64772
      13.9000        7.61275        7.56579        7.64460
      13.9500        7.61023        7.56376        7.64168
      14.0000        7.60770        7.56167        7.63857
      14.0500        7.60519        7.55926        7.63540
      14.1000        7.60270        7.55722        7.63207
      14.1500        7.60020        7.55525        7.62886
      14.2000        7.59771        7.55341        7.62565
      14.2500        7.59523        7.55141        7.62247
      14.3000        7.59277        7.54813        7.61930
      14.3500        7.59031        7.54492        7.61615
      14.4000        7.58786        7.54201        7.61301
      14.4500        7.58542        7.53876        7.60988
      14.5000        7.58298        7.53530        7.60676
      14.5500        7.58072        7.53204        7.60366
      14.6000        7.57826        7.52880        7.60056
      14.6500        7.57575        7.52544        7.59744
      14.7000        7.57304        7.52222        7.59436
      14.7500        7.57052        7.51906        7.59129
      14.8000        7.56801        7.51629        7.58823
      14.8500        7.56534        7.51318        7.58518
      14.9000        7.56283        7.51002        7.58214
      14.9500        7.56039        7.50667        7.57912
      15.0000        7.55816        7.50351        7.57609
      15.0500        7.55581        7.50036        7.57308
      15.1000        7.55347        7.49723        7.57006
      15.1500        7.55115        7.49403        7.56707
      15.2000        7.54883        7.49085        7.56409
      15.2500        7.54652        7.48784        7.56113
      15.3000        7.54437        7.48468        7.55817
      15.3500        7.54201        7.48149        7.55522
      15.4000        7.53960        7.47796        7.55227
      15.4500        7.53700        7.47475        7.54935
      15.5000        7.53460        7.47161        7.54643
      15.5500        7.53216        7.46868        7.54350
      15.6000        7.52894        7.46558        7.54059
      15.6500        7.52573        7.46249        7.53769
      15.7000        7.52252        7.45954        7.53483
      15.7500        7.51946        7.45648        7.53216
      15.8000        7.51620        7.45339        7.52955
      15.8500        7.51291        7.45026        7.52690
      15.9000        7.50947        7.44697        7.52407
      15.9500        7.50619        7.44381        7.52142
      16.0000        7.50292        7.44067        7.51878
      16.0500        7.49948        7.43754        7.51600
      16.1000        7.49622        7.43442        7.51336
      16.1500        7.49301        7.43131        7.51077
      16.2000        7.49088        7.42809        7.50824
      16.2500        7.48911        7.42548        7.50591
      16.3000        7.48739        7.42486        7.50345
      16.3500        7.48585        7.42424        7.50099
      16.4000        7.48414        7.42363        7.49868
      16.4500        7.48243        7.42301        7.49617
      16.5000        7.48088        7.42241        7.49362
      16.5500        7.47917        7.42180        7.49086
      16.6000        7.47742        7.42120        7.48831
      16.6500        7.47548        7.42072        7.48577
      16.7000        7.47367        7.42005        7.48326
      16.7500        7.47187        7.41934        7.48068
      16.8000        7.47007        7.41844        7.47811
      16.8500        7.46828        7.41772        7.47555
      16.9000        7.46649        7.41700        7.47301
      16.9500        7.46447        7.41616        7.47051
      17.0000        7.46154        7.41543        7.46802
      17.0500        7.45877        7.41475        7.46553
      17.1000        7.45601        7.41411        7.46299
      17.1500        7.45309        7.41364        7.46047
      17.2000        7.45031        7.41306        7.45795
      17.2500        7.44759        7.41248        7.45549
      17.3000        7.44492        7.41205        7.45304
      17.3500        7.44255        7.41142        7.45066
      17.4000        7.43988        7.41076        7.44893
      17.4500        7.43718        7.41006        7.44720
      17.5000        7.43432        7.40769        7.44546
      17.5500        7.43163        7.40453        7.44374
      17.6000        7.42894        7.40138        7.44203
      17.6500        7.42627        7.39824        7.44032
      17.7000        7.42343        7.39511        7.43861
      17.7500        7.42076        7.39201        7.43691
      17.8000        7.41815        7.38890        7.43521
      17.8500        7.41585        7.38579        7.43352
      17.9000        7.41328        7.38269        7.43184
      17.9500        7.41068        7.37961        7.43016
      18.0000        7.40805        7.37653        7.42848
      18.0500        7.40530        7.37347        7.42680
      18.1000        7.40269        7.37042        7.42513
      18.1500        7.40118        7.36737        7.42346
      18.2000        7.40034        7.36432        7.42196
      18.2500        7.39967        7.36128        7.42027
      18.3000        7.39902        7.35826        7.41855
      18.3500        7.39836        7.35524        7.41679
      18.4000        7.39765        7.35223        7.41486
      18.4500        7.39679        7.34939        7.41312
      18.5000        7.39435        7.34636        7.41138
      18.5500        7.39191        7.34333        7.40965
      18.6000        7.38948        7.34252        7.40775
      18.6500        7.38703        7.34171        7.40603
      18.7000        7.38461        7.34089        7.40435
      18.7500        7.38219        7.34008        7.40287
      18.8000        7.37978        7.33928        7.40112
      18.8500        7.37741        7.33848        7.39871
      18.9000        7.37501        7.33770        7.39632
      18.9500        7.37262        7.33690        7.39393
      19.0000        7.37024        7.33611        7.39154
      19.0500        7.36786        7.33531        7.38950
      19.1000        7.36549        7.33465        7.38869
      19.1500        7.36313        7.33381        7.38806
      19.2000        7.36076        7.33294        7.38743
      19.2500        7.35840        7.33204        7.38642
      19.3000        7.35606        7.33099        7.38475
      19.3500        7.35372        7.33010        7.38307
      19.4000        7.35139        7.32922        7.38136
      19.4500        7.34918        7.32834        7.37965
      19.5000        7.34711        7.32729        7.37795
      19.5500        7.34521        7.32643        7.37628
      19.6000        7.34330        7.32559        7.37464
      19.6500        7.34141        7.32375        7.37300
      19.7000        7.33934        7.32130        7.37136
      19.7500        7.33746        7.31901        7.36956
      19.8000        7.33562        7.31657        7.36794
      19.8500        7.33414        7.31410        7.36636
      19.9000        7.33234        7.31161        7.36513
      19.9500        7.33051        7.30881        7.36359
      20.0000        7.32866        7.30635        7.36202
      20.0500        7.32665        7.30392        7.36042
      20.1000        7.32480        7.30154        7.35880
      20.1500        7.32296        7.29928        7.35718
      20.2000        7.32112        7.29689        7.35553
      20.2500        7.31925        7.29450        7.35385
      20.3000        7.31736        7.29212        7.35182
      20.3500        7.31549        7.28991        7.35012
      20.4000        7.31361        7.28754        7.34845
      20.4500        7.31174        7.28514        7.34682
      20.5000        7.31079        7.28272        7.34522
      20.5500        7.30995        7.28015        7.34376
      20.6000        7.30912        7.27771        7.34215
      20.6500        7.30829        7.27527        7.34055
      20.7000        7.30742        7.27284        7.33895
      20.7500        7.30611        7.27026        7.33749
      20.8000        7.30406        7.26789        7.33590
      20.8500        7.30186        7.26555        7.33427
      20.9000        7.29984        7.26325        7.33262
      20.9500        7.29782        7.26112        7.33066
      21.0000        7.29581        7.25882        7.32903
      21.0500        7.29380        7.25653        7.32743
      21.1000        7.29175        7.25424        7.32586
      21.1500        7.28971        7.25211        7.32445
      21.2000        7.28768        7.24984        7.32288
      21.2500        7.28563        7.24756        7.32131
      21.3000        7.28365        7.24525        7.31975
      21.3500        7.28167        7.24277        7.31837
      21.4000        7.27969        7.24042        7.31683
      21.4500        7.27773        7.23807        7.31527
      21.5000        7.27572        7.23573        7.31369
      21.5500        7.27358        7.23340        7.31190
      21.6000        7.27135        7.23108        7.31027
      21.6500        7.26927        7.22875        7.30864
      21.7000        7.26706        7.22643        7.30702
      21.7500        7.26484        7.22412        7.30540
      21.8000        7.26259        7.22181        7.30381
      21.8500        7.26032        7.21951        7.30220
      21.9000        7.25796        7.21721        7.30059
      21.9500        7.25613        7.21492        7.29898
      22.0000        7.25430        7.21263        7.29737
      22.0500        7.25247        7.21035        7.29577
      22.1000        7.25065        7.20807        7.29418
      22.1500        7.24900        7.20580        7.29258
      22.2000        7.24717        7.20353        7.29100
      22.2500        7.24531        7.20127        7.28942
      22.3000        7.24343        7.19901        7.28784
      22.3500        7.24153        7.19676        7.28626
      22.4000        7.23946        7.19451        7.28469
      22.4500        7.23758        7.19228        7.28313
      22.5000        7.23570        7.19004        7.28157
      22.5500        7.23382        7.18781        7.28001
      22.6000        7.23180        7.18558        7.27846
      22.6500        7.22992        7.18336        7.27690
      22.7000        7.22806        7.18115        7.27535
      22.7500        7.22623        7.17894        7.27380
      22.8000        7.22443        7.17674        7.27226
      22.8500        7.22297        7.17454        7.27072
      22.9000        7.22118        7.17249        7.26942
      22.9500        7.21936        7.17027        7.26855
      23.0000        7.21728        7.16804        7.26767
      23.0500        7.21531        7.16578        7.26588
      23.1000        7.21335        7.16350        7.26338
      23.1500        7.21140        7.16107        7.26153
      23.2000        7.20944        7.15881        7.26002
      23.2500        7.20751        7.15655        7.25850
      23.3000        7.20557        7.15431        7.25699
      23.3500        7.20363        7.15192        7.25549
      23.4000        7.20169        7.14967        7.25398
      23.4500        7.19976        7.14744        7.25248
      23.5000        7.19783        7.14524        7.25098
      23.5500        7.19591        7.14306        7.24949
      23.6000        7.19399        7.14121        7.24800
      23.6500        7.19207        7.13905        7.24651
      23.7000        7.19016        7.13688        7.24502
      23.7500        7.18825        7.13468        7.24354
      23.8000        7.18635        7.13247        7.24171
      23.8500        7.18445        7.13011        7.23981
      23.9000        7.18256        7.12793        7.23792
      23.9500        7.18067        7.12574        7.23603
      24.0000        7.17879        7.12356        7.23415
      24.0500        7.17691        7.12139        7.23221
      24.1000        7.17503        7.11906        7.23033
      24.1500        7.17316        7.11689        7.22845
      24.2000        7.17129        7.11475        7.22658
      24.2500        7.16943        7.11263        7.22489
      24.3000        7.16757        7.11086        7.22301
      24.3500        7.16571        7.10877        7.22111
      24.4000        7.16384        7.10666        7.21919
      24.4500        7.16199        7.10454        7.21725
      24.5000        7.16014        7.10240        7.21516
      24.5500        7.15829        7.10008        7.21324
      24.6000        7.15644        7.09795        7.21132
      24.6500        7.15477        7.09582        7.20940
      24.7000        7.15292        7.09370        7.20749
      24.7500        7.15104        7.09158        7.20541
      24.8000        7.14915        7.08948        7.20348
      24.8500        7.14725        7.08733        7.20159
      24.9000        7.14517        7.08518        7.19971
      24.9500        7.14327        7.08304        7.19786
      25.0000        7.14138        7.08091        7.19621
      25.0500        7.13949        7.07897        7.19440
      25.1000        7.13760        7.07686        7.19260
      25.1500        7.13558        7.07473        7.19079
      25.2000        7.13369        7.07259        7.18900
      25.2500        7.13182        7.07043        7.18723
      25.3000        7.12998        7.06795        7.18544
      25.3500        7.12816        7.06580        7.18366
      25.4000        7.12664        7.06366        7.18188
      25.4500        7.12484        7.06156        7.18010
      25.5000        7.12302        7.05947        7.17829
      25.5500        7.12118        7.05754        7.17652
      25.6000        7.11933        7.05546        7.17475
      25.6500        7.11735        7.05338        7.17299
      25.7000        7.11551        7.05131        7.17123
      25.7500        7.11368        7.04924        7.16961
      25.8000        7.11185        7.04732        7.16783
      25.8500        7.11002        7.04528        7.16603
      25.9000        7.10817        7.04322        7.16422
      25.9500        7.10631        7.04114        7.16240
      26.0000        7.10445        7.03906        7.16041
      26.0500        7.10260        7.03680        7.15859
      26.1000        7.10075        7.03468        7.15678
      26.1500        7.09890        7.03283        7.15497
      26.2000        7.09709        7.03106        7.15317
      26.2500        7.09528        7.02927        7.15137
      26.3000        7.09349        7.02747        7.14941
      26.3500        7.09169        7.02553        7.14761
      26.4000        7.08990        7.02374        7.14583
      26.4500        7.08809        7.02195        7.14408
      26.5000        7.08627        7.02017        7.14234
      26.5500        7.08445        7.01838        7.14080
      26.6000        7.08263        7.01661        7.13910
      26.6500        7.08082        7.01482        7.13740
      26.7000        7.07903        7.01301        7.13571
      26.7500        7.07727        7.01120        7.13401
      26.8000        7.07551        7.00940        7.13248
      26.8500        7.07375        7.00760        7.13077
      26.9000        7.07199        7.00581        7.12905
      26.9500        7.07024        7.00405        7.12731
      27.0000        7.06845        7.00230        7.12555
      27.0500        7.06667        7.00055        7.12363
      27.1000        7.06488        6.99881        7.12189
      27.1500        7.06311        6.99706        7.12015
      27.2000        7.06133        6.99529        7.11841
      27.2500        7.05973        6.99351        7.11667
      27.3000        7.05797        6.99174        7.11494
      27.3500        7.05620        6.98998        7.11302
      27.4000        7.05441        6.98821        7.11128
      27.4500        7.05261        6.98662        7.10956
      27.5000        7.05063        6.98487        7.10787
      27.5500        7.04880        6.98311        7.10619
      27.6000        7.04698        6.98133        7.10486
      27.6500        7.04516        6.97955        7.10320
      27.7000        7.04334        6.97761        7.10153
      27.7500        7.04152        6.97580        7.09985
      27.8000        7.03973        6.97399        7.09816
      27.8500        7.03792        6.97218        7.09645
      27.9000        7.03612        6.97038        7.09459
      27.9500        7.03432        6.96858        7.09290
      28.0000        7.03252        6.96678        7.09121
      28.0500        7.03057        6.96498        7.08952
      28.1000        7.02880        6.96319        7.08784
      28.1500        7.02705        6.96141        7.08601
      28.2000        7.02531        6.95962        7.08432
      28.2500        7.02331        6.95785        7.08264
      28.3000        7.02099        6.95607        7.08098
      28.3500        7.01869        6.95429        7.07934
      28.4000        7.01638        6.95252        7.07772
      28.4500        7.01408        6.95075        7.07641
      28.5000        7.01179        6.94898        7.07480
      28.5500        7.00951        6.94723        7.07317
      28.6000        7.00722        6.94547        7.07154
      28.6500        7.00494        6.94371        7.06989
      28.7000        7.00266        6.94196        7.06823
      28.7500        7.00038        6.94021        7.06642
      28.8000        6.99811        6.93846        7.06478
      28.8500        6.99584        6.93671        7.06314
      28.9000        6.99358        6.93497        7.06151
      28.9500        6.99132        6.93323        7.05988
      29.0000        6.98906        6.93150        7.05826
      29.0500        6.98697        6.92977        7.05660
      29.1000        6.98470        6.92804        7.05494
      29.1500        6.98242        6.92631        7.05328
      29.2000        6.98012        6.92459        7.05162
      29.2500        6.97782        6.92287        7.04997
      29.3000        6.97551        6.92115        7.04834
      29.3500        6.97305        6.91943        7.04673
      29.4000        6.97075        6.91773        7.04512
      29.4500        6.96846        6.91602        7.04351
      29.5000        6.96618        6.91431        7.04191
      29.5500        6.96390        6.91261        7.04031
      29.6000        6.96162        6.91091        7.03868
      29.6500        6.95932        6.90921        7.03705
      29.7000        6.95702        6.90766        7.03542
      29.7500        6.95472        6.90596        7.03379
      29.8000        6.95243        6.90423        7.03217
      29.8500        6.95014        6.90249        7.03056
      29.9000        6.94785        6.90046        7.02897
      29.9500        6.94572        6.89845        7.02739
      30.0000        6.94345        6.89643        7.02581
      30.0500        6.94116        6.89441        7.02424
      30.1000        6.93887        6.89240        7.02267
      30.1500        6.93656        6.89040        7.02110
      30.2000        6.93425        6.88839        7.01952
      30.2500        6.93176        6.88639        7.01793
      30.3000        6.92943        6.88439        7.01633
      30.3500        6.92711        6.88240        7.01474
      30.4000        6.92480        6.88041        7.01315
      30.4500        6.92248        6.87842        7.01156
      30.5000        6.92017        6.87643        7.01003
      30.5500        6.91788        6.87445        7.00848
      30.6000        6.91558        6.87247        7.00693
      30.6500        6.91328        6.87049        7.00539
      30.7000        6.91099        6.86852        7.00385
      30.7500        6.90870        6.86655        7.00231
      30.8000        6.90641        6.86458        7.00076
      30.8500        6.90413        6.86261        6.99920
      30.9000        6.90185        6.86065        6.99763
      30.9500        6.89958        6.85869        6.99607
      31.0000        6.89731        6.85674        6.99451
      31.0500        6.89504        6.85479        6.99295
      31.1000        6.89278        6.85284        6.99140
      31.1500        6.89066        6.85089        6.98988
      31.2000        6.88838        6.84895        6.98836
      31.2500        6.88609        6.84701        6.98684
      31.3000        6.88379        6.84507        6.98533
      31.3500        6.88148        6.84314        6.98382
      31.4000        6.87916        6.84120        6.98231
      31.4500        6.87673        6.83928        6.98080
      31.5000        6.87443        6.83735        6.97927
      31.5500        6.87213        6.83543        6.97774
      31.6000        6.86984        6.83351        6.97621
      31.6500        6.86755        6.83159        6.97468
      31.7000        6.86527        6.82968        6.97316
      31.7500        6.86297        6.82777        6.97180
      31.8000        6.86066        6.82587        6.97029
      31.8500        6.85836        6.82396        6.96877
      31.9000        6.85605        6.82206        6.96725
      31.9500        6.85375        6.82016        6.96571
      32.0000        6.85146        6.81827        6.96416
      32.0500        6.84917        6.81638        6.96230
      32.1000        6.84702        6.81449        6.96075
      32.1500        6.84475        6.81260        6.95922
      32.2000        6.84246        6.81072        6.95770
      32.2500        6.84017        6.80884        6.95619
      32.3000        6.83786        6.80697        6.95471
      32.3500        6.83555        6.80509        6.95323
      32.4000        6.83312        6.80322        6.95188
      32.4500        6.83080        6.80136        6.95039
      32.5000        6.82848        6.79949        6.94890
      32.5500        6.82617        6.79763        6.94742
      32.6000        6.82385        6.79577        6.94594
      32.6500        6.82154        6.79392        6.94446
      32.7000        6.81924        6.79207        6.94314
      32.7500        6.81693        6.79022        6.94168
      32.8000        6.81464        6.78837        6.94021
      32.8500        6.81234        6.78653        6.93872
      32.9000        6.81005        6.78469        6.93723
      32.9500        6.80776        6.78285        6.93573
      33.0000        6.80547        6.78102        6.93422
      33.0500        6.80318        6.77919        6.93245
      33.1000        6.80090        6.77736        6.93095
      33.1500        6.79863        6.77554        6.92947
      33.2000        6.79636        6.77372        6.92800
      33.2500        6.79409        6.77190        6.92655
      33.3000        6.79182        6.77008        6.92511
      33.3500        6.78956        6.76827        6.92380
      33.4000        6.78744        6.76646        6.92236
      33.4500        6.78516        6.76466        6.92092
      33.5000        6.78288        6.76285        6.91948
      33.5500        6.78059        6.76105        6.91804
      33.6000        6.77829        6.75926        6.91660
      33.6500        6.77598        6.75746        6.91517
      33.7000        6.77351        6.75567        6.91390
      33.7500        6.77122        6.75388        6.91248
      33.8000        6.76892        6.75210        6.91105
      33.8500        6.76664        6.75032        6.90962
      33.9000        6.76435        6.74854        6.90817
      33.9500        6.76207        6.74677        6.90672
      34.0000        6.75996        6.74499        6.90525
      34.0500        6.75825        6.74322        6.90347
      34.1000        6.75654        6.74146        6.90203
      34.1500        6.75482        6.73969        6.90059
      34.2000        6.75314        6.73793        6.89916
      34.2500        6.75147        6.73618        6.89775
      34.3000        6.74980        6.73442        6.89636
      34.3500        6.74813        6.73267        6.89511
      34.4000        6.74646        6.73092        6.89371
      34.4500        6.74480        6.72918        6.89231
      34.5000        6.74312        6.72744        6.89091
      34.5500        6.74143        6.72570        6.88951
      34.6000        6.73974        6.72396        6.88812
      34.6500        6.73806        6.72223        6.88672
      34.7000        6.73637        6.72050        6.88548
      34.7500        6.73469        6.71877        6.88411
      34.8000        6.73302        6.71705        6.88273
      34.8500        6.73152        6.71533        6.88133
      34.9000        6.72986        6.71361        6.87993
      34.9500        6.72819        6.71190        6.87853
      35.0000        6.72651        6.71019        6.87711
      35.0500        6.72482        6.70848        6.87553
      35.1000        6.72312        6.70677        6.87410
      35.1500        6.72142        6.70507        6.87267
      35.2000        6.71955        6.70337        6.87124
      35.2500        6.71783        6.70167        6.86981
      35.3000        6.71612        6.69998        6.86839
      35.3500        6.71441        6.69795        6.86697
      35.4000        6.71271        6.69568        6.86554
      35.4500        6.71100        6.69355        6.86412
      35.5000        6.70930        6.69126        6.86270
      35.5500        6.70760        6.68897        6.86129
      35.6000        6.70591        6.68667        6.85988
      35.6500        6.70421        6.68436        6.85847
      35.7000        6.70252        6.68204        6.85706
      35.7500        6.70083        6.67972        6.85566
      35.8000        6.69914        6.67725        6.85425
      35.8500        6.69746        6.67495        6.85285
      35.9000        6.69580        6.67265        6.85145
      35.9500        6.69412        6.67036        6.85005
      36.0000        6.69245        6.66807        6.84865
      36.0500        6.69078        6.66578        6.84725
      36.1000        6.68911        6.66350        6.84571
      36.1500        6.68744        6.66121        6.84432
      36.2000        6.68577        6.65890        6.84296
      36.2500        6.68410        6.65660        6.84160
      36.3000        6.68244        6.65430        6.84025
      36.3500        6.68078        6.65201        6.83892
      36.4000        6.67912        6.64972        6.83760
      36.4500        6.67747        6.64743        6.83629
      36.5000        6.67581        6.64531        6.83513
      36.5500        6.67416        6.64304        6.83381
      36.6000        6.67251        6.64077        6.83248
      36.6500        6.67086        6.63849        6.83117
      36.7000        6.66922        6.63620        6.82985
      36.7500        6.66757        6.63391        6.82853
      36.8000        6.66594        6.63160        6.82722
      36.8500        6.66430        6.62930        6.82610
      36.9000        6.66266        6.62695        6.82480
      36.9500        6.66103        6.62462        6.82350
      37.0000        6.65953        6.62227        6.82219
      37.0500        6.65789        6.61993        6.82087
      37.1000        6.65623        6.61757        6.81954
      37.1500        6.65457        6.61521        6.81821
      37.2000        6.65290        6.61285        6.81671
      37.2500        6.65123        6.61035        6.81536
      37.3000        6.64954        6.60800        6.81402
      37.3500        6.64772        6.60566        6.81267
      37.4000        6.64605        6.60332        6.81133
      37.4500        6.64439        6.60098        6.80998
      37.5000        6.64272        6.59865        6.80864
      37.5500        6.64106        6.59632        6.80731
      37.6000        6.63940        6.59382        6.80595
      37.6500        6.63775        6.59148        6.80461
      37.7000        6.63611        6.58915        6.80327
      37.7500        6.63443        6.58684        6.80194
      37.8000        6.63275        6.58453        6.80061
      37.8500        6.63108        6.58224        6.79928
      37.9000        6.62941        6.57996        6.79795
      37.9500        6.62774        6.57770        6.79664
      38.0000        6.62607        6.57575        6.79531
      38.0500        6.62441        6.57349        6.79399
      38.1000        6.62276        6.57123        6.79267
      38.1500        6.62113        6.56895        6.79136
      38.2000        6.61950        6.56667        6.79004
      38.2500        6.61787        6.56439        6.78873
      38.3000        6.61624        6.56210        6.78742
      38.3500        6.61462        6.55979        6.78611
      38.4000        6.61299        6.55750        6.78481
      38.4500        6.61137        6.55520        6.78350
      38.5000        6.60972        6.55290        6.78220
      38.5500        6.60807        6.55059        6.78089
      38.6000        6.60643        6.54828        6.77959
      38.6500        6.60479        6.54596        6.77829
      38.7000        6.60315        6.54364        6.77697
      38.7500        6.60151        6.54118        6.77567
      38.8000        6.59988        6.53884        6.77438
      38.8500        6.59839        6.53651        6.77308
      38.9000        6.59677        6.53419        6.77179
      38.9500        6.59515        6.53186        6.77050
      39.0000        6.59352        6.52954        6.76921
      39.0500        6.59188        6.52722        6.76792
      39.1000        6.59024        6.52491        6.76665
      39.1500        6.58859        6.52276        6.76536
      39.2000        6.58694        6.52043        6.76408
      39.2500        6.58514        6.51811        6.76280
      39.3000        6.58348        6.51577        6.76152
      39.3500        6.58182        6.51343        6.76024
      39.4000        6.58016        6.51109        6.75896
      39.4500        6.57851        6.50874        6.75769
      39.5000        6.57685        6.50638        6.75642
      39.5500        6.57520        6.50388        6.75515
      39.6000        6.57355        6.50155        6.75388
      39.6500        6.57191        6.49921        6.75261
      39.7000        6.57026        6.49688        6.75135
      39.7500        6.56862        6.49456        6.75008
      39.8000        6.56698        6.49223        6.74882
      39.8500        6.56534        6.48991        6.74756
      39.9000        6.56370        6.48760        6.74642
      39.9500        6.56207        6.48525        6.74515
      40.0000        6.56044        6.48291        6.74387
      40.0500        6.55880        6.48057        6.74259
      40.1000        6.55717        6.47824        6.74130
      40.1500        6.55554        6.47591        6.74000
      40.2000        6.55391        6.47358        6.73870
      40.2500        6.55229        6.47126        6.73739
      40.3000        6.55067        6.46894        6.73591
      40.3500        6.54905        6.46679        6.73462
      40.4000        6.54743        6.46448        6.73332
      40.4500        6.54581        6.46217        6.73203
      40.5000        6.54419        6.45985        6.73073
      40.5500        6.54258        6.45753        6.72944
      40.6000        6.54097        6.45521        6.72815
      40.6500        6.53936        6.45288        6.72687
      40.7000        6.53776        6.45054        6.72545
      40.7500        6.53616        6.44803        6.72415
      40.8000        6.53455        6.44569        6.72287
      40.8500        6.53308        6.44335        6.72159
      40.9000        6.53147        6.44102        6.72032
      40.9500        6.52985        6.43869        6.71907
      41.0000        6.52822        6.43636        6.71782
      41.0500        6.52659        6.43403        6.71658
      41.1000        6.52495        6.43170        6.71550
      41.1500        6.52331        6.42951        6.71427
      41.2000        6.52167        6.42717        6.71305
      41.2500        6.52030        6.42483        6.71183
      41.3000        6.51897        6.42249        6.71062
      41.3500        6.51765        6.42014        6.70940
      41.4000        6.51633        6.41779        6.70819
      41.4500        6.51501        6.41544        6.70697
      41.5000        6.51369        6.41308        6.70576
      41.5500        6.51238        6.41073        6.70455
      41.6000        6.51107        6.40838        6.70334
      41.6500        6.50977        6.40601        6.70213
      41.7000        6.50847        6.40365        6.70093
      41.7500        6.50717        6.40128        6.69972
      41.8000        6.50587        6.39890        6.69852
      41.8500        6.50458        6.39652        6.69732
      41.9000        6.50329        6.39414        6.69612
      41.9500        6.50200        6.39160        6.69507
      42.0000        6.50072        6.38921        6.69386
      42.0500        6.49943        6.38682        6.69264
      42.1000        6.49816        6.38443        6.69141
      42.1500        6.49688        6.38205        6.69019
      42.2000        6.49561        6.37966        6.68895
      42.2500        6.49434        6.37728        6.68771
      42.3000        6.49307        6.37490        6.68646
      42.3500        6.49181        6.37253        6.68505
      42.4000        6.49055        6.37016        6.68382
      42.4500        6.48930        6.36779        6.68259
      42.5000        6.48804        6.36542        6.68135
      42.5500        6.48679        6.36306        6.68013
      42.6000        6.48554        6.36070        6.67890
      42.6500        6.48430        6.35834        6.67767
      42.7000        6.48306        6.35598        6.67645
      42.7500        6.48182        6.35363        6.67508
      42.8000        6.48058        6.35130        6.67385
      42.8500        6.47935        6.34895        6.67262
      42.9000        6.47812        6.34661        6.67140
      42.9500        6.47690        6.34427        6.67019
      43.0000        6.47567        6.34193        6.66899
      43.0500        6.47445        6.33959        6.66779
      43.1000        6.47324        6.33726        6.66661
      43.1500        6.47202        6.33493        6.66543
      43.2000        6.47081        6.33260        6.66456
      43.2500        6.46960        6.33043        6.66338
      43.3000        6.46840        6.32809        6.66220
      43.3500        6.46720        6.32575        6.66102
      43.4000        6.46600        6.32341        6.65982
      43.4500        6.46480        6.32106        6.65863
      43.5000        6.46361        6.31871        6.65743
      43.5500        6.46242        6.31635        6.65622
      43.6000        6.46124        6.31399        6.65500
      43.6500        6.46005        6.31087        6.65367
      43.7000        6.45887        6.30856        6.65247
      43.7500        6.45769        6.30628        6.65128
      43.8000        6.45652        6.30402        6.65009
      43.8500        6.45535        6.30180        6.64889
      43.9000        6.45418        6.29960        6.64770
      43.9500        6.45302        6.29743        6.64651
      44.0000        6.45185        6.29530        6.64533
      44.0500        6.45069        6.29319        6.64398
      44.1000        6.44954        6.29154        6.64278
      44.1500        6.44839        6.28939        6.64159
      44.2000        6.44724        6.28725        6.64041
      44.2500        6.44609        6.28511        6.63923
      44.3000        6.44494        6.28298        6.63806
      44.3500        6.44380        6.28086        6.63690
      44.4000        6.44267        6.27875        6.63575
      44.4500        6.44153        6.27665        6.63460
      44.5000        6.44040        6.27456        6.63377
      44.5500        6.43927        6.27312        6.63263
      44.6000        6.43815        6.27110        6.63148
      44.6500        6.43702        6.26906        6.63033
      44.7000        6.43590        6.26701        6.62918
      44.7500        6.43479        6.26494        6.62802
      44.8000        6.43368        6.26286        6.62685
      44.8500        6.43257        6.26076        6.62568
      44.9000        6.43146        6.25864        6.62451
      44.9500        6.43035        6.25650        6.62319
      45.0000        6.42925        6.25386        6.62203
      45.0500        6.42815        6.25167        6.62087
      45.1000        6.42706        6.24949        6.61971
      45.1500        6.42597        6.24730        6.61855
      45.2000        6.42488        6.24512        6.61739
      45.2500        6.42379        6.24295        6.61623
      45.3000        6.42271        6.24077        6.61508
      45.3500        6.42163        6.23860        6.61393
      45.4000        6.42055        6.23643        6.61276
      45.4500        6.41948        6.23456        6.61159
      45.5000        6.41841        6.23239        6.61042
      45.5500        6.41734        6.23021        6.60925
      45.6000        6.41628        6.22803        6.60808
      45.6500        6.41522        6.22583        6.60691
      45.7000        6.41416        6.22362        6.60575
      45.7500        6.41310        6.22140        6.60458
      45.8000        6.41205        6.21918        6.60342
      45.8500        6.41100        6.21694        6.60226
      45.9000        6.40996        6.21456        6.60110
      45.9500        6.40891        6.21231        6.59994
      46.0000        6.40787        6.21007        6.59878
      46.0500        6.40684        6.20782        6.59762
      46.1000        6.40580        6.20556        6.59647
      46.1500        6.40477        6.20331        6.59531
      46.2000        6.40374        6.20105        6.59416
      46.2500        6.40272        6.19878        6.59301
      46.3000        6.40170        6.19651        6.59186
      46.3500        6.40068        6.19423        6.59071
      46.4000        6.39966        6.19194        6.58957
      46.4500        6.39865        6.18965        6.58842
      46.5000        6.39764        6.18736        6.58728
      46.5500        6.39664        6.18506        6.58614
      46.6000        6.39563        6.18276        6.58499
      46.6500        6.39463        6.18046        6.58386
      46.7000        6.39363        6.17815        6.58272
      46.7500        6.39264        6.17584        6.58158
      46.8000        6.39165        6.17353        6.58044
      46.8500        6.39066        6.17123        6.57931
      46.9000        6.38968        6.16892        6.57818
      46.9500        6.38869        6.16661        6.57705
      47.0000        6.38771        6.16429        6.57592
      47.0500        6.38674        6.16197        6.57479
      47.1000        6.38577        6.15965        6.57366
      47.1500        6.38480        6.15732        6.57253
      47.2000        6.38383        6.15499        6.57141
      47.2500        6.38287        6.15266        6.57029
      47.3000        6.38191        6.15003        6.56916
      47.3500        6.38095        6.14770        6.56804
      47.4000        6.37999        6.14539        6.56692
      47.4500        6.37904        6.14308        6.56581
      47.5000        6.37809        6.14078        6.56469
      47.5500        6.37715        6.13849        6.56355
      47.6000        6.37621        6.13621        6.56201
      47.6500        6.37527        6.13393        6.56047
      47.7000        6.37433        6.13167        6.55893
      47.7500        6.37340        6.12970        6.55741
      47.8000        6.37247        6.12742        6.55616
      47.8500        6.37154        6.12513        6.55461
      47.9000        6.37062        6.12285        6.55306
      47.9500        6.36961        6.12056        6.55151
      48.0000        6.36826        6.11826        6.54995
      48.0500        6.36691        6.11597        6.54839
      48.1000        6.36556        6.11367        6.54683
      48.1500        6.36422        6.11137        6.54526
      48.2000        6.36288        6.10906        6.54369
      48.2500        6.36155        6.10662        6.54210
      48.3000        6.36021        6.10435        6.54056
      48.3500        6.35888        6.10209        6.53900
      48.4000        6.35755        6.09982        6.53745
      48.4500        6.35622        6.09756        6.53589
      48.5000        6.35490        6.09530        6.53432
      48.5500        6.35358        6.09305        6.53276
      48.6000        6.35226        6.09079        6.53119
      48.6500        6.35094        6.08854        6.52961
      48.7000        6.34963        6.08643        6.52803
      48.7500        6.34831        6.08414        6.52613
      48.8000        6.34700        6.08184        6.52454
      48.8500        6.34570        6.07953        6.52295
      48.9000        6.34439        6.07722        6.52137
      48.9500        6.34309        6.07492        6.51979
      49.0000        6.34179        6.07260        6.51823
      49.0500        6.34050        6.07029        6.51666
      49.1000        6.33920        6.06797        6.51511
      49.1500        6.33791        6.06759        6.51356
      49.2000        6.33662        6.06733        6.51202
      49.2500        6.33533        6.06707        6.51076
      49.3000        6.33405        6.06681        6.50922
      49.3500        6.33277        6.06656        6.50768
      49.4000        6.33149        6.06631        6.50613
      49.4500        6.33021        6.06606        6.50458
      49.5000        6.32894        6.06582        6.50302
      49.5500        6.32767        6.06559        6.50146
      49.6000        6.32640        6.06535        6.49990
      49.6500        6.32513        6.06512        6.49833
      49.7000        6.32387        6.06490        6.49659
      49.7500        6.32260        6.06468        6.49504
      49.8000        6.32134        6.06446        6.49348
      49.8500        6.32009        6.06424        6.49192
      49.9000        6.31883        6.06403        6.49037
      49.9500        6.31758        6.06383        6.48882
